0.02
0.04
0.033 0.06
0.08
0.027 0.1
0.12
0.022 0.14
0.16
0.014 0.18
0.2
0.006 0.22
0.24
0.26
0.28
-0.01 0.3
0.32
-0.016 0.34
0.36
-0.02 0.38
0.4
-0.023 0.42
0.44
-0.028 0.46
0.48
-0.027 0.5
0.52
-0.029 0.54
0.56
-0.027 0.58
0.6
0.62
0.64
0.66
0.68
-0.012 0.7
0.72
-0.006 0.74
0.76
0.78
0.8
0.008 0.82
0.84
0.018 0.86
0.88
0.025 0.9
0.92
0.027 0.94
0.96
0.028 0.98
1
0.03 1.02
1.04
0.03 1.06
1.08
0.029 1.1
1.12
0.025 1.14
1.16
0.022 1.18
1.2
1.22
1.24
1.26
1.28
1.3
1.32
1.34
1.36
1.38
1.4
1.42
-0.021 1.44
1.46
-0.03 1.48
1.5
-0.035 1.52
1.54
-0.039 1.56
1.58
-0.039 1.6
1.62
-0.04 1.64
1.66
-0.039 1.68
1.7
-0.032 1.72
1.74
-0.029 1.76
1.78
-0.017 1.8
1.82
-0.014 1.84
1.86
-0.011 1.88
1.9
-0.002 1.92
1.94
1.96
1.98
0.01 2
2.02
2.04
2.06
2.08
2.1
2.12
2.14
2.16
0.023 2.18
2.2
0.022 2.22
2.24
2.26
2.28
2.3
2.32
0.006 2.34
2.36
2.38
2.4
-0.008 2.42
2.44
-0.015 2.46
2.48
-0.024 2.5
2.52
-0.028 2.54
2.56
2.58
2.6
2.62
2.64
2.66
2.68
-0.043 2.7
2.72
-0.042 2.74
2.76
-0.041 2.78
2.8
-0.035 2.82
2.84
-0.032 2.86
2.88
-0.026 2.9
2.92
-0.02 2.94
2.96
-0.009 2.98
3
-0.002 3.02
3.04
3.06
3.08
0.006 3.1
3.12
0.014 3.14
3.16
0.019 3.18
3.2
0.025 3.22
3.24
0.026 3.26
3.28
0.025 3.3
3.32
0.025 3.34
3.36
3.38
3.4
3.42
3.44
3.46
3.48
3.5
3.52
3.54
-0.01 3.56
3.58
-0.014 3.6
3.62
-0.019 3.64
3.66
-0.027 3.68
3.7
-0.028 3.72
3.74
-0.032 3.76
3.78
-0.032 3.8
3.82
-0.035 3.84
3.86
-0.031 3.88
3.9
-0.024 3.92
3.94
-0.021 3.96
3.98
-0.016 4
4.02
-0.012 4.04
4.06
-0.004 4.08
4.1
-0.003 4.12
4.14
0.008 4.16
4.18
0.014 4.2
4.22
0.018 4.24
4.26
0.023 4.28
4.3
0.026 4.32
4.34
0.03 4.36
4.38
0.029 4.4
4.42
4.44
0.027 4.46
4.48
0.026 4.5
4.52
0.02 4.54
4.56
0.015 4.58
4.6
0.007 4.62
4.64
-0.002 4.66
4.68
-0.009 4.7
4.72
-0.011 4.74
4.76
-0.019 4.78
4.8
-0.021 4.82
4.84
-0.024 4.86
4.88
-0.029 4.9
4.92
-0.028 4.94
4.96
-0.028 4.98
5
5.02
5.04
5.06
5.08
5.1
5.12
5.14
5.16
5.18
5.2
0.001 5.22
5.24
5.26
5.28
5.3
5.32
0.026 5.34
5.36
0.03 5.38
5.4
0.033 5.42
5.44
0.036 5.46
5.48
0.038 5.5
5.52
0.035 5.54
5.56
0.035 5.58
5.6
0.03 5.62
5.64
5.66
5.68
0.02 5.7
5.72
5.74
5.76
5.78
5.8
5.82
5.84
5.86
5.88
5.9
-0.017 5.92
5.94
-0.021 5.96
5.98
-0.025 6
6.02
6.04
6.06
-0.026 6.08
6.1
-0.026 6.12
6.14
-0.024 6.16
6.18
-0.017 6.2
6.22
6.24
6.26
-0.004 6.28
6.3
-0 6.32
6.34
0.011 6.36
6.38
6.4
6.42
6.44
6.46
6.48
0.027 6.5
6.52
6.54
0.03 6.56
6.58
6.6
6.62
0.029 6.64
6.66
6.68
0.028 6.7
6.72
0.024 6.74
6.76
6.78
6.8
6.82
6.84
6.86
6.88
6.9
6.92
6.94
6.96
6.98
-0.022 7
7.02
7.04
-0.026 7.06
7.08
7.1
-0.036 7.12
7.14
-0.039 7.16
7.18
7.2
-0.037 7.22
7.24
-0.03 7.26
7.28
-0.025 7.3
7.32
-0.019 7.34
7.36
7.38
7.4
7.42
7.44
0.001 7.46
7.48
0.006 7.5
7.52
0.011 7.54
7.56
7.58
7.6
0.021 7.62
7.64
7.66
0.024 7.68
7.7
7.72
0.022 7.74
7.76
7.78
7.8
7.82
0.017 7.84
7.86
7.88
7.9
7.92
7.94
-0.005 7.96
7.98
8
8.02
8.04
8.06
8.08
8.1
-0.029 8.12
8.14
8.16
8.18
8.2
8.22
8.24
8.26
8.28
-0.043 8.3
8.32
-0.042 8.34
8.36
8.38
8.4
8.42
8.44
-0.026 8.46
8.48
8.5
8.52
8.54
8.56
8.58
8.6
8.62
8.64
8.66
0.009 8.68
8.7
0.014 8.72
8.74
0.016 8.76
8.78
0.02 8.8
8.82
0.021 8.84
8.86
0.018 8.88
8.9
0.018 8.92
8.94
0.013 8.96
8.98
0.006 9
9.02
9.04
9.06
-0.007 9.08
9.1
9.12
9.14
9.16
9.18
9.2
9.22
9.24
9.26
9.28
-0.036 9.3
9.32
-0.04 9.34
9.36
-0.04 9.38
9.4
-0.037 9.42
9.44
-0.035 9.46
9.48
9.5
9.52
9.54
9.56
9.58
9.6
-0.015 9.62
9.64
9.66
9.68
9.7
9.72
9.74
0.009 9.76
9.78
9.8
9.82
0.018 9.84
9.86
0.024 9.88
9.9
0.026 9.92
9.94
0.024 9.96
9.98
0.023 10
10.02
0.02 10.04
10.06
0.015 10.08
10.1
0.009 10.12
10.14
0.006 10.16
10.18
-0.003 10.2
10.22
10.24
10.26
10.28
10.3
10.32
10.34
10.36
10.38
10.4
10.42
10.44
-0.032 10.46
10.48
-0.032 10.5
10.52
10.54
10.56
10.58
10.6
10.62
10.64
10.66
10.68
10.7
10.72
-0.005 10.74
10.76
10.78
10.8
10.82
10.84
10.86
10.88
10.9
10.92
10.94
0.028 10.96
10.98
0.031 11
11.02
0.033 11.04
11.06
0.032 11.08
11.1
0.031 11.12
11.14
0.028 11.16
11.18
0.026 11.2
11.22
11.24
11.26
11.28
11.3
11.32
11.34
11.36
11.38
11.4
11.42
11.44
11.46
11.48
11.5
11.52
11.54
11.56
11.58
11.6
-0.027 11.62
11.64
-0.027 11.66
11.68
11.7
11.72
11.74
11.76
11.78
11.8
11.82
11.84
11.86
11.88
11.9
11.92
11.94
11.96
11.98
12
12.02
12.04
12.06
0.03 12.08
12.1
0.036 12.12
12.14
0.036 12.16
12.18
12.2
12.22
0.032 12.24
12.26
12.28
12.3
0.026 12.32
12.34
12.36
12.38
12.4
12.42
12.44
12.46
12.48
12.5
12.52
12.54
-0.016 12.56
12.58
12.6
12.62
12.64
12.66
-0.031 12.68
12.7
-0.032 12.72
12.74
12.76
12.78
12.8
-0.025 12.82
12.84
-0.021 12.86
12.88
12.9
12.92
12.94
12.96
12.98
13
13.02
13.04
0.01 13.06
13.08
13.1
0.022 13.12
13.14
0.023 13.16
13.18
13.2
13.22
0.029 13.24
13.26
13.28
13.3
0.029 13.32
13.34
0.027 13.36
13.38
0.022 13.4
13.42
0.017 13.44
13.46
13.48
13.5
13.52
13.54
13.56
13.58
13.6
13.62
13.64
13.66
13.68
13.7
13.72
13.74
13.76
13.78
13.8
13.82
13.84
-0.04 13.86
13.88
13.9
13.92
-0.035 13.94
13.96
-0.028 13.98
14
-0.024 14.02
14.04
-0.012 14.06
14.08
-0.009 14.1
14.12
-0.002 14.14
14.16
14.18
14.2
14.22
0.011 14.24
14.26
14.28
14.3
14.32
0.022 14.34
14.36
14.38
0.019 14.4
14.42
14.44
14.46
0.017 14.48
14.5
0.012 14.52
14.54
0.007 14.56
14.58
14.6
14.62
14.64
14.66
-0.015 14.68
14.7
14.72
14.74
14.76
14.78
-0.033 14.8
14.82
-0.04 14.84
14.86
-0.042 14.88
14.9
14.92
-0.043 14.94
14.96
14.98
15
15.02
15.04
15.06
-0.034 15.08
15.1
15.12
15.14
15.16
15.18
15.2
15.22
15.24
15.26
15.28
15.3
15.32
15.34
15.36
15.38
15.4
15.42
0.019 15.44
15.46
0.019 15.48
15.5
0.025 15.52
15.54
15.56
15.58
15.6
15.62
15.64
15.66
15.68
15.7
15.72
15.74
15.76
15.78
15.8
15.82
15.84
15.86
15.88
15.9
15.92
15.94
15.96
-0.035 15.98
16
-0.037 16.02
16.04
-0.038 16.06
16.08
16.1
-0.035 16.12
16.14
-0.03 16.16
16.18
16.2
16.22
16.24
16.26
16.28
16.3
16.32
16.34
16.36
16.38
16.4
16.42
16.44
0.012 16.46
16.48
16.5
16.52
16.54
16.56
0.026 16.58
16.6
0.028 16.62
16.64
16.66
16.68
16.7
16.72
16.74
16.76
16.78
16.8
16.82
16.84
16.86
16.88
16.9
16.92
16.94
-0.011 16.96
16.98
17
17.02
-0.021 17.04
17.06
-0.027 17.08
17.1
-0.03 17.12
17.14
-0.03 17.16
17.18
-0.028 17.2
17.22
17.24
17.26
-0.019 17.28
17.3
-0.015 17.32
17.34
-0.011 17.36
17.38
17.4
17.42
17.44
17.46
17.48
17.5
17.52
17.54
17.56
17.58
17.6
17.62
17.64
17.66
17.68
0.034 17.7
17.72
0.032 17.74
17.76
0.032 17.78
17.8
17.82
17.84
17.86
17.88
17.9
17.92
17.94
17.96
0.007 17.98
18
18.02
18.04
18.06
-0.012 18.08
18.1
18.12
18.14
18.16
18.18
18.2
18.22
-0.028 18.24
18.26
18.28
-0.028 18.3
18.32
-0.027 18.34
18.36
-0.023 18.38
18.4
-0.018 18.42
18.44
18.46
18.48
18.5
18.52
0.002 18.54
18.56
18.58
18.6
0.017 18.62
18.64
18.66
18.68
18.7
18.72
18.74
18.76
0.034 18.78
18.8
0.031 18.82
18.84
0.032 18.86
18.88
0.03 18.9
18.92
18.94
18.96
18.98
19
19.02
19.04
19.06
19.08
19.1
19.12
19.14
19.16
19.18
19.2
19.22
19.24
19.26
19.28
19.3
19.32
19.34
-0.033 19.36
19.38
19.4
19.42
-0.032 19.44
19.46
19.48
19.5
-0.024 19.52
19.54
19.56
19.58
19.6
19.62
19.64
19.66
-0 19.68
19.7
0.006 19.72
19.74
0.012 19.76
19.78
0.023 19.8
19.82
0.025 19.84
19.86
19.88
0.024 19.9
19.92
0.026 19.94
19.96
0.026 19.98
20
0.021 20.02
20.04
20.06
20.08
0.014 20.1
20.12
0.002 20.14
20.16
20.18
20.2
20.22
20.24
20.26
20.28
20.3
20.32
20.34
20.36
20.38
20.4
20.42
20.44
20.46
20.48
-0.043 20.5
20.52
20.54
-0.041 20.56
20.58
20.6
20.62
20.64
20.66
20.68
20.7
20.72
-0.016 20.74
20.76
20.78
20.8
-0.004 20.82
20.84
20.86
20.88
0.009 20.9
20.92
0.014 20.94
20.96
0.017 20.98
21
0.018 21.02
21.04
21.06
0.018 21.08
21.1
0.017 21.12
21.14
21.16
21.18
0.011 21.2
21.22
0.007 21.24
21.26
-0 21.28
21.3
-0.007 21.32
21.34
-0.014 21.36
21.38
-0.021 21.4
21.42
-0.023 21.44
21.46
-0.028 21.48
21.5
-0.032 21.52
21.54
-0.038 21.56
21.58
-0.035 21.6
21.62
-0.036 21.64
21.66
-0.033 21.68
21.7
-0.032 21.72
21.74
-0.028 21.76
21.78
-0.024 21.8
21.82
-0.019 21.84
21.86
21.88
21.9
-0.003 21.92
21.94
21.96
21.98
22
0.01 22.02
22.04
22.06
22.08
22.1
0.021 22.12
22.14
0.023 22.16
22.18
22.2
0.02 22.22
22.24
0.019 22.26
22.28
22.3
22.32
22.34
0.01 22.36
22.38
22.4
22.42
-0.004 22.44
22.46
-0.01 22.48
22.5
22.52
22.54
22.56
22.58
-0.031 22.6
22.62
22.64
22.66
22.68
22.7
22.72
-0.033 22.74
22.76
-0.033 22.78
22.8
-0.031 22.82
22.84
-0.024 22.86
22.88
-0.019 22.9
22.92
22.94
22.96
22.98
23
-0 23.02
23.04
0.006 23.06
23.08
0.016 23.1
23.12
0.022 23.14
23.16
0.028 23.18
23.2
0.033 23.22
23.24
0.036 23.26
23.28
0.035 23.3
23.32
0.029 23.34
23.36
0.03 23.38
23.4
0.024 23.42
23.44
23.46
23.48
23.5
23.52
0.006 23.54
23.56
23.58
23.6
23.62
23.64
23.66
23.68
23.7
-0.018 23.72
23.74
23.76
23.78
-0.027 23.8
23.82
-0.028 23.84
23.86
23.88
23.9
23.92
-0.019 23.94
23.96
23.98
24
24.02
24.04
24.06
24.08
24.1
24.12
24.14
24.16
24.18
24.2
24.22
24.24
24.26
0.029 24.28
24.3
24.32
24.34
24.36
24.38
0.036 24.4
24.42
0.036 24.44
24.46
0.035 24.48
24.5
24.52
24.54
0.025 24.56
24.58
24.6
24.62
24.64
24.66
24.68
24.7
24.72
24.74
24.76
24.78
24.8
-0.02 24.82
24.84
-0.025 24.86
24.88
24.9
24.92
-0.028 24.94
24.96
24.98
25
25.02
25.04
25.06
25.08
25.1
25.12
-0.013 25.14
25.16
25.18
25.2
25.22
25.24
25.26
25.28
25.3
25.32
25.34
25.36
25.38
25.4
25.42
25.44
25.46
0.029 25.48
25.5
0.029 25.52
25.54
25.56
25.58
25.6
25.62
25.64
25.66
25.68
25.7
25.72
25.74
25.76
25.78
25.8
25.82
25.84
25.86
25.88
25.9
25.92
25.94
25.96
25.98
26
-0.037 26.02
26.04
-0.04 26.06
26.08
26.1
-0.039 26.12
26.14
-0.032 26.16
26.18
-0.027 26.2
26.22
26.24
26.26
26.28
26.3
26.32
26.34
-0.006 26.36
26.38
26.4
26.42
0.01 26.44
26.46
26.48
26.5
0.02 26.52
26.54
0.026 26.56
26.58
0.025 26.6
26.62
0.02 26.64
26.66
26.68
26.7
26.72
26.74
0.014 26.76
26.78
26.8
26.82
26.84
26.86
26.88
26.9
26.92
26.94
26.96
26.98
27
27.02
27.04
27.06
27.08
27.1
27.12
-0.043 27.14
27.16
-0.044 27.18
27.2
27.22
27.24
27.26
27.28
27.3
27.32
27.34
27.36
27.38
27.4
27.42
27.44
27.46
27.48
27.5
27.52
27.54
27.56
27.58
27.6
27.62
27.64
27.66
0.022 27.68
27.7
0.021 27.72
27.74
27.76
27.78
27.8
27.82
0.017 27.84
27.86
27.88
27.9
27.92
27.94
27.96
27.98
28
28.02
-0.014 28.04
28.06
-0.024 28.08
28.1
-0.028 28.12
28.14
28.16
28.18
-0.036 28.2
28.22
-0.038 28.24
28.26
-0.037 28.28
28.3
-0.036 28.32
28.34
28.36
28.38
28.4
28.42
28.44
28.46
28.48
28.5
-0.014 28.52
28.54
28.56
28.58
28.6
28.62
28.64
28.66
28.68
28.7
28.72
0.018 28.74
28.76
0.026 28.78
28.8
0.025 28.82
28.84
0.024 28.86
28.88
0.022 28.9
28.92
0.021 28.94
28.96
0.017 28.98
29
0.011 29.02
29.04
0.006 29.06
29.08
29.1
29.12
29.14
29.16
29.18
29.2
-0.017 29.22
29.24
29.26
29.28
-0.031 29.3
29.32
29.34
29.36
29.38
29.4
-0.032 29.42
29.44
-0.031 29.46
29.48
-0.023 29.5
29.52
-0.019 29.54
29.56
-0.012 29.58
29.6
-0.008 29.62
29.64
29.66
29.68
0.002 29.7
29.72
29.74
29.76
0.022 29.78
29.8
29.82
29.84
0.032 29.86
29.88
0.036 29.9
29.92
0.038 29.94
29.96
0.035 29.98
30
0.034 30.02
30.04
30.06
30.08
30.1
30.12
30.14
30.16
30.18
30.2
30.22
30.24
30.26
30.28
30.3
30.32
30.34
30.36
30.38
30.4
30.42
30.44
30.46
30.48
30.5
30.52
30.54
30.56
30.58
30.6
30.62
30.64
30.66
30.68
30.7
30.72
30.74
30.76
30.78
30.8
30.82
30.84
30.86
30.88
30.9
30.92
30.94
30.96
30.98
31
0.031 31.02
31.04
31.06
0.035 31.08
31.1
31.12
31.14
0.031 31.16
31.18
0.028 31.2
31.22
0.026 31.24
31.26
31.28
31.3
0.009 31.32
31.34
-0.001 31.36
31.38
-0.011 31.4
31.42
-0.015 31.44
31.46
-0.019 31.48
31.5
-0.024 31.52
31.54
-0.033 31.56
31.58
-0.033 31.6
31.62
-0.032 31.64
31.66
-0.029 31.68
31.7
-0.023 31.72
31.74
-0.023 31.76
31.78
31.8
31.82
31.84
31.86
31.88
31.9
31.92
31.94
31.96
31.98
32
0.021 32.02
32.04
32.06
32.08
32.1
32.12
32.14
32.16
0.03 32.18
32.2
0.026 32.22
32.24
0.026 32.26
32.28
0.022 32.3
32.32
0.018 32.34
32.36
32.38
32.4
0.001 32.42
32.44
-0.007 32.46
32.48
32.5
32.52
32.54
32.56
32.58
32.6
32.62
32.64
32.66
32.68
-0.041 32.7
32.72
32.74
32.76
-0.041 32.78
32.8
32.82
32.84
32.86
32.88
32.9
32.92
32.94
32.96
-0.013 32.98
33
33.02
33.04
33.06
33.08
0.006 33.1
33.12
33.14
33.16
33.18
33.2
33.22
33.24
0.021 33.26
33.28
0.022 33.3
33.32
0.02 33.34
33.36
0.018 33.38
33.4
0.014 33.42
33.44
0.007 33.46
33.48
0.002 33.5
33.52
-0.004 33.54
33.56
-0.014 33.58
33.6
-0.023 33.62
33.64
33.66
33.68
33.7
33.72
-0.037 33.74
33.76
-0.043 33.78
33.8
33.82
33.84
33.86
33.88
-0.041 33.9
33.92
-0.039 33.94
33.96
33.98
34
34.02
34.04
34.06
34.08
34.1
34.12
34.14
34.16
34.18
0.003 34.2
34.22
0.01 34.24
34.26
0.013 34.28
34.3
0.017 34.32
34.34
0.022 34.36
34.38
0.025 34.4
34.42
0.024 34.44
34.46
0.022 34.48
34.5
0.02 34.52
34.54
0.012 34.56
34.58
0.006 34.6
34.62
34.64
34.66
-0.006 34.68
34.7
-0.009 34.72
34.74
-0.021 34.76
34.78
-0.026 34.8
34.82
34.84
34.86
-0.032 34.88
34.9
-0.036 34.92
34.94
-0.036 34.96
34.98
-0.032 35
35.02
35.04
35.06
35.08
35.1
35.12
35.14
35.16
-0.016 35.18
35.2
35.22
35.24
35.26
35.28
35.3
35.32
35.34
35.36
35.38
35.4
35.42
35.44
0.029 35.46
35.48
35.5
35.52
0.031 35.54
35.56
0.026 35.58
35.6
0.023 35.62
35.64
0.019 35.66
35.68
0.014 35.7
35.72
35.74
35.76
35.78
35.8
-0.007 35.82
35.84
35.86
35.88
35.9
35.92
-0.018 35.94
35.96
-0.027 35.98
36
-0.031 36.02
36.04
-0.027 36.06
36.08
36.1
36.12
36.14
36.16
-0.018 36.18
36.2
-0.016 36.22
36.24
-0.011 36.26
36.28
-0.005 36.3
36.32
36.34
36.36
36.38
36.4
36.42
36.44
0.024 36.46
36.48
36.5
36.52
36.54
0.031 36.56
36.58
36.6
36.62
36.64
36.66
0.032 36.68
36.7
36.72
36.74
36.76
36.78
36.8
36.82
0.02 36.84
36.86
0.01 36.88
36.9
36.92
36.94
36.96
36.98
-0.011 37
37.02
-0.015 37.04
37.06
-0.019 37.08
37.1
37.12
37.14
-0.028 37.16
37.18
-0.028 37.2
37.22
-0.028 37.24
37.26
-0.021 37.28
37.3
-0.018 37.32
37.34
37.36
37.38
37.4
37.42
0.002 37.44
37.46
0.009 37.48
37.5
0.016 37.52
37.54
37.56
37.58
37.6
37.62
0.029 37.64
37.66
37.68
0.031 37.7
37.72
0.032 37.74
37.76
37.78
37.8
0.029 37.82
37.84
37.86
37.88
37.9
37.92
37.94
37.96
37.98
38
38.02
38.04
38.06
38.08
38.1
38.12
38.14
38.16
-0.027 38.18
38.2
38.22
38.24
38.26
38.28
-0.036 38.3
38.32
38.34
38.36
38.38
38.4
38.42
38.44
38.46
38.48
38.5
38.52
38.54
38.56
38.58
38.6
0.002 38.62
38.64
0.012 38.66
38.68
38.7
38.72
0.022 38.74
38.76
0.024 38.78
38.8
0.027 38.82
38.84
0.026 38.86
38.88
38.9
38.92
0.025 38.94
38.96
0.019 38.98
39
0.012 39.02
39.04
0.006 39.06
39.08
39.1
39.12
39.14
39.16
39.18
39.2
39.22
39.24
39.26
39.28
39.3
39.32
39.34
-0.04 39.36
39.38
-0.042 39.4
39.42
-0.042 39.44
39.46
39.48
39.5
39.52
39.54
39.56
39.58
39.6
39.62
39.64
39.66
39.68
-0.011 39.7
39.72
39.74
39.76
39.78
39.8
39.82
39.84
39.86
39.88
0.021 39.9
39.92
0.022 39.94
39.96
0.019 39.98
40
0.018 40.02
40.04
40.06
40.08
40.1
40.12
40.14
40.16
40.18
40.2
40.22
-0.011 40.24
40.26
40.28
40.3
40.32
40.34
40.36
40.38
-0.035 40.4
40.42
40.44
40.46
-0.041 40.48
40.5
-0.041 40.52
40.54
40.56
-0.039 40.58
40.6
40.62
40.64
40.66
40.68
40.7
40.72
40.74
40.76
-0.011 40.78
40.8
40.82
40.84
40.86
40.88
40.9
40.92
0.011 40.94
40.96
0.017 40.98
41
0.022 41.02
41.04
41.06
41.08
41.1
41.12
0.021 41.14
41.16
41.18
41.2
41.22
41.24
41.26
41.28
41.3
41.32
41.34
-0.006 41.36
41.38
41.4
41.42
41.44
41.46
41.48
41.5
41.52
-0.033 41.54
41.56
-0.034 41.58
41.6
41.62
41.64
-0.033 41.66
41.68
41.7
41.72
41.74
41.76
41.78
41.8
41.82
41.84
41.86
41.88
41.9
41.92
41.94
41.96
41.98
42
42.02
42.04
42.06
42.08
42.1
0.03 42.12
42.14
0.031 42.16
42.18
0.031 42.2
42.22
42.24
42.26
42.28
42.3
42.32
42.34
42.36
42.38
42.4
42.42
42.44
42.46
42.48
42.5
42.52
42.54
42.56
42.58
42.6
42.62
42.64
42.66
42.68
42.7
42.72
42.74
42.76
42.78
-0.027 42.8
42.82
-0.018 42.84
42.86
42.88
42.9
42.92
42.94
42.96
42.98
-0 43
43.02
43.04
43.06
43.08
43.1
43.12
43.14
43.16
43.18
0.029 43.2
43.22
0.033 43.24
43.26
0.035 43.28
43.3
0.034 43.32
43.34
43.36
43.38
43.4
43.42
43.44
0.026 43.46
43.48
43.5
43.52
43.54
43.56
43.58
43.6
43.62
43.64
43.66
43.68
43.7
43.72
43.74
43.76
43.78
43.8
43.82
-0.029 43.84
43.86
-0.029 43.88
43.9
43.92
43.94
-0.022 43.96
43.98
44
44.02
-0.013 44.04
44.06
44.08
44.1
44.12
44.14
44.16
44.18
44.2
44.22
44.24
44.26
44.28
44.3
44.32
0.028 44.34
44.36
0.028 44.38
44.4
0.03 44.42
44.44
44.46
44.48
44.5
44.52
44.54
44.56
0.025 44.58
44.6
44.62
44.64
-0 44.66
44.68
44.7
44.72
44.74
44.76
44.78
44.8
-0.024 44.82
44.84
-0.029 44.86
44.88
44.9
44.92
44.94
44.96
44.98
45
45.02
45.04
-0.032 45.06
45.08
45.1
45.12
45.14
45.16
45.18
45.2
45.22
45.24
-0.007 45.26
45.28
45.3
0.006 45.32
45.34
45.36
0.014 45.38
45.4
0.017 45.42
45.44
0.022 45.46
45.48
0.026 45.5
45.52
45.54
45.56
45.58
45.6
45.62
45.64
0.014 45.66
45.68
45.7
45.72
45.74
45.76
45.78
45.8
45.82
45.84
45.86
45.88
45.9
45.92
45.94
45.96
45.98
46
46.02
46.04
46.06
46.08
46.1
46.12
46.14
46.16
-0.036 46.18
46.2
46.22
46.24
-0.029 46.26
46.28
-0.017 46.3
46.32
46.34
46.36
46.38
46.4
46.42
46.44
46.46
46.48
46.5
46.52
46.54
46.56
46.58
46.6
46.62
46.64
46.66
46.68
46.7
0.018 46.72
46.74
46.76
46.78
46.8
46.82
0.005 46.84
46.86
46.88
46.9
46.92
46.94
46.96
46.98
47
47.02
47.04
-0.034 47.06
47.08
-0.035 47.1
47.12
-0.036 47.14
47.16
-0.037 47.18
47.2
-0.039 47.22
47.24
47.26
47.28
47.3
47.32
47.34
47.36
47.38
47.4
47.42
47.44
47.46
47.48
47.5
47.52
47.54
47.56
47.58
47.6
47.62
47.64
47.66
0.026 47.68
47.7
0.024 47.72
47.74
0.026 47.76
47.78
0.024 47.8
47.82
47.84
47.86
47.88
47.9
0.011 47.92
47.94
47.96
47.98
48
48.02
48.04
48.06
48.08
48.1
48.12
48.14
48.16
-0.026 48.18
48.2
-0.029 48.22
48.24
48.26
48.28
48.3
48.32
48.34
48.36
48.38
48.4
48.42
48.44
48.46
-0.016 48.48
48.5
48.52
48.54
48.56
48.58
0.005 48.6
48.62
48.64
48.66
48.68
48.7
0.025 48.72
48.74
48.76
48.78
48.8
48.82
0.034 48.84
48.86
0.035 48.88
48.9
48.92
48.94
0.029 48.96
48.98
0.029 49
49.02
49.04
49.06
49.08
49.1
49.12
49.14
49.16
49.18
49.2
49.22
-0.011 49.24
49.26
49.28
49.3
49.32
49.34
49.36
-0.027 49.38
49.4
49.42
49.44
49.46
49.48
49.5
-0.019 49.52
49.54
49.56
49.58
49.6
49.62
49.64
49.66
49.68
49.7
49.72
49.74
49.76
49.78
0.025 49.8
49.82
49.84
0.03 49.86
49.88
49.9
49.92
0.033 49.94
49.96
49.98
50
50.02
50.04
50.06
50.08
50.1
0.025 50.12
50.14
50.16
50.18
50.2
0.008 50.22
50.24
50.26
50.28
50.3
50.32
50.34
50.36
50.38
50.4
50.42
-0.027 50.44
50.46
-0.032 50.48
50.5
50.52
-0.032 50.54
50.56
-0.029 50.58
50.6
-0.025 50.62
50.64
50.66
50.68
-0.014 50.7
50.72
50.74
50.76
-0.003 50.78
50.8
50.82
50.84
50.86
50.88
50.9
50.92
50.94
0.025 50.96
50.98
51
0.028 51.02
51.04
51.06
0.028 51.08
51.1
51.12
0.026 51.14
51.16
0.026 51.18
51.2
51.22
51.24
51.26
51.28
51.3
51.32
51.34
51.36
51.38
51.4
51.42
51.44
51.46
51.48
51.5
51.52
51.54
51.56
51.58
51.6
-0.038 51.62
51.64
-0.04 51.66
51.68
-0.038 51.7
51.72
51.74
51.76
-0.029 51.78
51.8
-0.027 51.82
51.84
51.86
51.88
51.9
51.92
51.94
51.96
51.98
52
52.02
52.04
52.06
52.08
52.1
52.12
0.022 52.14
52.16
52.18
0.02 52.2
52.22
0.019 52.24
52.26
52.28
52.3
0.013 52.32
52.34
52.36
52.38
52.4
52.42
52.44
52.46
52.48
52.5
52.52
52.54
52.56
52.58
52.6
52.62
52.64
52.66
52.68
-0.04 52.7
52.72
-0.04 52.74
52.76
-0.042 52.78
52.8
52.82
52.84
52.86
52.88
52.9
52.92
52.94
52.96
52.98
53
53.02
53.04
53.06
53.08
53.1
53.12
53.14
53.16
53.18
0.017 53.2
53.22
0.019 53.24
53.26
0.023 53.28
53.3
0.023 53.32
53.34
0.022 53.36
53.38
0.018 53.4
53.42
0.013 53.44
53.46
0.008 53.48
53.5
53.52
53.54
-0.005 53.56
53.58
53.6
53.62
-0.015 53.64
53.66
-0.025 53.68
53.7
-0.031 53.72
53.74
53.76
53.78
53.8
53.82
-0.04 53.84
53.86
-0.039 53.88
53.9
-0.036 53.92
53.94
53.96
53.98
54
54.02
-0.023 54.04
54.06
54.08
54.1
54.12
54.14
54.16
54.18
54.2
54.22
54.24
54.26
54.28
54.3
0.022 54.32
54.34
0.027 54.36
54.38
54.4
54.42
0.03 54.44
54.46
0.027 54.48
54.5
54.52
0.022 54.54
54.56
54.58
54.6
0.01 54.62
54.64
54.66
54.68
-0.002 54.7
54.72
54.74
54.76
-0.012 54.78
54.8
-0.018 54.82
54.84
54.86
54.88
54.9
54.92
54.94
54.96
54.98
55
-0.028 55.02
55.04
55.06
55.08
-0.018 55.1
55.12
55.14
55.16
55.18
55.2
-0.005 55.22
55.24
55.26
55.28
55.3
55.32
55.34
55.36
55.38
55.4
0.03 55.42
55.44
55.46
55.48
0.037 55.5
55.52
55.54
55.56
55.58
55.6
0.031 55.62
55.64
55.66
55.68
55.7
0.023 55.72
55.74
55.76
55.78
55.8
55.82
55.84
55.86
55.88
55.9
55.92
55.94
-0.018 55.96
55.98
-0.023 56
56.02
-0.028 56.04
56.06
56.08
56.1
56.12
56.14
56.16
56.18
56.2
56.22
56.24
56.26
56.28
56.3
56.32
56.34
56.36
0.01 56.38
56.4
56.42
56.44
56.46
0.026 56.48
56.5
56.52
56.54
56.56
0.033 56.58
56.6
0.033 56.62
56.64
0.033 56.66
56.68
56.7
0.031 56.72
56.74
56.76
56.78
56.8
56.82
56.84
56.86
56.88
56.9
56.92
56.94
56.96
56.98
57
57.02
57.04
57.06
57.08
57.1
57.12
57.14
57.16
-0.033 57.18
57.2
-0.032 57.22
57.24
-0.032 57.26
57.28
-0.022 57.3
57.32
-0.023 57.34
57.36
-0.016 57.38
57.4
-0.009 57.42
57.44
57.46
57.48
0.004 57.5
57.52
57.54
57.56
0.014 57.58
57.6
0.023 57.62
57.64
0.023 57.66
57.68
0.025 57.7
57.72
57.74
57.76
57.78
57.8
57.82
57.84
57.86
57.88
57.9
57.92
57.94
57.96
57.98
-0.004 58
58.02
58.04
58.06
58.08
58.1
58.12
58.14
-0.032 58.16
58.18
58.2
58.22
58.24
-0.04 58.26
58.28
58.3
58.32
58.34
-0.04 58.36
58.38
-0.036 58.4
58.42
58.44
58.46
58.48
58.5
58.52
58.54
-0.013 58.56
58.58
58.6
58.62
58.64
58.66
58.68
58.7
58.72
58.74
0.015 58.76
58.78
0.02 58.8
58.82
0.02 58.84
58.86
58.88
58.9
0.021 58.92
58.94
58.96
58.98
0.014 59
59.02
59.04
59.06
59.08
59.1
59.12
59.14
59.16
59.18
59.2
59.22
59.24
59.26
59.28
59.3
59.32
-0.04 59.34
59.36
59.38
59.4
59.42
59.44
-0.041 59.46
59.48
59.5
59.52
59.54
-0.031 59.56
59.58
-0.028 59.6
59.62
59.64
59.66
59.68
59.7
59.72
59.74
59.76
59.78
59.8
59.82
59.84
59.86
59.88
0.019 59.9
59.92
0.021 59.94
59.96
0.022 59.98
60
0.021 60.02
60.04
60.06
60.08
60.1
60.12
60.14
60.16
60.18
60.2
60.22
60.24
60.26
60.28
60.3
60.32
60.34
60.36
-0.029 60.38
60.4
60.42
-0.031 60.44
60.46
60.48
60.5
-0.037 60.52
60.54
60.56
60.58
60.6
60.62
60.64
60.66
60.68
60.7
60.72
60.74
60.76
60.78
60.8
60.82
60.84
60.86
60.88
60.9
60.92
60.94
60.96
0.03 60.98
61
0.029 61.02
61.04
0.032 61.06
61.08
61.1
0.032 61.12
61.14
61.16
0.03 61.18
61.2
0.025 61.22
61.24
61.26
61.28
0.01 61.3
61.32
61.34
61.36
61.38
61.4
61.42
61.44
-0.013 61.46
61.48
61.5
61.52
61.54
61.56
61.58
-0.029 61.6
61.62
61.64
61.66
61.68
61.7
61.72
61.74
61.76
61.78
61.8
61.82
61.84
61.86
61.88
61.9
61.92
61.94
61.96
61.98
62
62.02
62.04
62.06
62.08
0.028 62.1
62.12
0.033 62.14
62.16
62.18
62.2
62.22
62.24
62.26
62.28
62.3
62.32
0.026 62.34
62.36
62.38
0.02 62.4
62.42
62.44
62.46
62.48
62.5
62.52
62.54
62.56
62.58
62.6
62.62
-0.021 62.64
62.66
-0.026 62.68
62.7
62.72
62.74
62.76
62.78
-0.029 62.8
62.82
62.84
62.86
62.88
62.9
62.92
62.94
62.96
62.98
63
63.02
63.04
63.06
63.08
63.1
63.12
63.14
63.16
0.026 63.18
63.2
63.22
0.029 63.24
63.26
0.03 63.28
63.3
63.32
63.34
63.36
63.38
63.4
63.42
63.44
63.46
0.024 63.48
63.5
63.52
63.54
63.56
63.58
63.6
63.62
63.64
63.66
63.68
63.7
63.72
63.74
63.76
63.78
63.8
-0.037 63.82
63.84
63.86
-0.036 63.88
63.9
-0.036 63.92
63.94
-0.029 63.96
63.98
64
64.02
-0.019 64.04
64.06
64.08
64.1
-0.01 64.12
64.14
0.001 64.16
64.18
64.2
64.22
64.24
64.26
0.015 64.28
64.3
0.02 64.32
64.34
0.023 64.36
64.38
64.4
64.42
0.026 64.44
64.46
64.48
64.5
0.02 64.52
64.54
64.56
64.58
64.6
64.62
64.64
64.66
64.68
64.7
64.72
64.74
64.76
64.78
-0.025 64.8
64.82
64.84
64.86
64.88
64.9
-0.042 64.92
64.94
-0.043 64.96
64.98
-0.042 65
65.02
-0.041 65.04
65.06
-0.037 65.08
65.1
-0.033 65.12
65.14
-0.026 65.16
65.18
-0.018 65.2
65.22
-0.012 65.24
65.26
65.28
65.3
0.002 65.32
65.34
0.007 65.36
65.38
65.4
65.42
65.44
65.46
65.48
65.5
65.52
0.022 65.54
65.56
0.021 65.58
65.6
0.017 65.62
65.64
0.014 65.66
65.68
65.7
65.72
0.003 65.74
65.76
65.78
65.8
65.82
65.84
65.86
65.88
-0.027 65.9
65.92
-0.032 65.94
65.96
65.98
66
66.02
66.04
66.06
-0.04 66.08
66.1
66.12
66.14
66.16
66.18
66.2
66.22
66.24
66.26
66.28
66.3
66.32
66.34
66.36
66.38
66.4
66.42
0.006 66.44
66.46
66.48
66.5
66.52
0.015 66.54
66.56
66.58
66.6
66.62
66.64
0.024 66.66
66.68
66.7
0.022 66.72
66.74
66.76
66.78
66.8
66.82
66.84
66.86
66.88
66.9
66.92
66.94
66.96
66.98
67
67.02
67.04
67.06
67.08
67.1
-0.032 67.12
67.14
-0.032 67.16
67.18
-0.035 67.2
67.22
67.24
67.26
67.28
67.3
67.32
67.34
67.36
67.38
67.4
67.42
67.44
67.46
67.48
67.5
67.52
67.54
67.56
67.58
67.6
0.026 67.62
67.64
0.029 67.66
67.68
0.032 67.7
67.72
0.035 67.74
67.76
67.78
67.8
0.033 67.82
67.84
67.86
67.88
67.9
67.92
67.94
67.96
67.98
68
68.02
68.04
68.06
68.08
68.1
68.12
68.14
68.16
68.18
68.2
68.22
68.24
-0.027 68.26
68.28
-0.03 68.3
68.32
68.34
68.36
68.38
68.4
-0.023 68.42
68.44
-0.014 68.46
68.48
-0.012 68.5
68.52
68.54
68.56
68.58
68.6
68.62
68.64
68.66
68.68
68.7
68.72
68.74
68.76
68.78
68.8
68.82
0.035 68.84
68.86
0.034 68.88
68.9
68.92
68.94
68.96
68.98
0.029 69
69.02
69.04
69.06
69.08
69.1
69.12
69.14
69.16
69.18
69.2
69.22
69.24
69.26
69.28
69.3
69.32
69.34
69.36
-0.027 69.38
69.4
69.42
69.44
69.46
-0.032 69.48
69.5
69.52
69.54
-0.023 69.56
69.58
69.6
69.62
69.64
69.66
69.68
69.7
69.72
69.74
69.76
69.78
69.8
69.82
0.023 69.84
69.86
0.025 69.88
69.9
0.028 69.92
69.94
0.026 69.96
69.98
0.028 70
70.02
70.04
70.06
0.026 70.08
70.1
70.12
70.14
70.16
70.18
70.2
70.22
70.24
70.26
70.28
70.3
70.32
70.34
70.36
70.38
70.4
70.42
70.44
70.46
70.48
70.5
70.52
70.54
70.56
70.58
70.6
70.62
-0.033 70.64
70.66
-0.029 70.68
70.7
-0.024 70.72
70.74
70.76
70.78
70.8
70.82
-0.006 70.84
70.86
70.88
70.9
0.008 70.92
70.94
70.96
70.98
71
0.022 71.02
71.04
0.021 71.06
71.08
71.1
71.12
71.14
71.16
0.017 71.18
71.2
0.014 71.22
71.24
71.26
71.28
-0 71.3
71.32
71.34
71.36
71.38
71.4
71.42
71.44
71.46
71.48
-0.035 71.5
71.52
71.54
71.56
71.58
-0.042 71.6
71.62
71.64
71.66
71.68
71.7
71.72
71.74
71.76
71.78
71.8
71.82
71.84
71.86
71.88
71.9
71.92
71.94
71.96
71.98
0.001 72
72.02
72.04
72.06
72.08
72.1
72.12
0.019 72.14
72.16
72.18
72.2
0.019 72.22
72.24
0.019 72.26
72.28
0.018 72.3
72.32
0.017 72.34
72.36
0.011 72.38
72.4
0.003 72.42
72.44
-0.003 72.46
72.48
-0.011 72.5
72.52
-0.015 72.54
72.56
-0.021 72.58
72.6
-0.028 72.62
72.64
-0.032 72.66
72.68
-0.035 72.7
72.72
-0.035 72.74
72.76
-0.039 72.78
72.8
-0.038 72.82
72.84
-0.032 72.86
72.88
-0.028 72.9
72.92
-0.02 72.94
72.96
-0.015 72.98
73
-0.01 73.02
73.04
73.06
73.08
0.004 73.1
73.12
73.14
73.16
73.18
73.2
73.22
73.24
0.024 73.26
73.28
0.022 73.3
73.32
0.027 73.34
73.36
0.025 73.38
73.4
0.024 73.42
73.44
73.46
73.48
73.5
73.52
73.54
73.56
-0.003 73.58
73.6
-0.009 73.62
73.64
73.66
73.68
73.7
73.72
73.74
73.76
73.78
73.8
73.82
-0.031 73.84
73.86
73.88
73.9
-0.029 73.92
73.94
-0.026 73.96
73.98
-0.022 74
74.02
-0.016 74.04
74.06
-0.011 74.08
74.1
-0.002 74.12
74.14
0.001 74.16
74.18
0.01 74.2
74.22
0.016 74.24
74.26
74.28
74.3
0.028 74.32
74.34
0.03 74.36
74.38
0.036 74.4
74.42
0.037 74.44
74.46
0.031 74.48
74.5
0.03 74.52
74.54
0.028 74.56
74.58
0.026 74.6
74.62
74.64
74.66
0.007 74.68
74.7
-0.002 74.72
74.74
74.76
74.78
-0.013 74.8
74.82
74.84
74.86
74.88
74.9
74.92
74.94
74.96
74.98
75
75.02
-0.027 75.04
75.06
75.08
75.1
75.12
75.14
75.16
75.18
75.2
75.22
75.24
75.26
75.28
75.3
75.32
0.021 75.34
75.36
75.38
75.4
75.42
75.44
0.032 75.46
75.48
0.035 75.5
75.52
0.033 75.54
75.56
0.033 75.58
75.6
0.03 75.62
75.64
0.027 75.66
75.68
0.026 75.7
75.72
0.021 75.74
75.76
0.01 75.78
75.8
0.001 75.82
75.84
-0.008 75.86
75.88
-0.013 75.9
75.92
-0.019 75.94
75.96
-0.024 75.98
76
76.02
76.04
-0.033 76.06
76.08
76.1
76.12
-0.029 76.14
76.16
76.18
76.2
76.22
76.24
76.26
76.28
76.3
76.32
76.34
76.36
76.38
76.4
76.42
76.44
76.46
76.48
76.5
76.52
76.54
76.56
76.58
76.6
76.62
0.029 76.64
76.66
0.028 76.68
76.7
0.026 76.72
76.74
0.022 76.76
76.78
76.8
76.82
76.84
76.86
76.88
76.9
76.92
76.94
76.96
76.98
-0.019 77
77.02
-0.024 77.04
77.06
77.08
77.1
-0.036 77.12
77.14
-0.039 77.16
77.18
-0.042 77.2
77.22
77.24
77.26
77.28
77.3
77.32
77.34
77.36
77.38
77.4
77.42
77.44
77.46
77.48
77.5
77.52
77.54
77.56
77.58
77.6
0.01 77.62
77.64
77.66
77.68
77.7
77.72
0.022 77.74
77.76
0.02 77.78
77.8
77.82
77.84
77.86
77.88
77.9
77.92
77.94
77.96
77.98
78
78.02
78.04
78.06
78.08
78.1
78.12
-0.031 78.14
78.16
78.18
78.2
78.22
78.24
-0.044 78.26
78.28
-0.046 78.3
78.32
-0.04 78.34
78.36
-0.041 78.38
78.4
-0.036 78.42
78.44
-0.033 78.46
78.48
-0.028 78.5
78.52
-0.018 78.54
78.56
-0.011 78.58
78.6
-0.006 78.62
78.64
78.66
78.68
78.7
78.72
78.74
78.76
78.78
78.8
0.022 78.82
78.84
78.86
0.024 78.88
78.9
78.92
78.94
0.021 78.96
78.98
0.013 79
79.02
0.01 79.04
79.06
0.006 79.08
79.1
79.12
79.14
79.16
79.18
-0.017 79.2
79.22
79.24
79.26
-0.031 79.28
79.3
79.32
79.34
79.36
-0.038 79.38
79.4
-0.039 79.42
79.44
79.46
79.48
79.5
79.52
-0.032 79.54
79.56
79.58
79.6
79.62
79.64
-0.011 79.66
79.68
79.7
79.72
79.74
79.76
79.78
79.8
79.82
0.013 79.84
79.86
0.019 79.88
79.9
0.029 79.92
79.94
0.029 79.96
79.98
0.027 80
80.02
0.028 80.04
80.06
0.027 80.08
80.1
0.022 80.12
80.14
0.018 80.16
80.18
80.2
80.22
-0 80.24
80.26
80.28
80.3
80.32
80.34
80.36
80.38
80.4
80.42
80.44
-0.025 80.46
80.48
-0.029 80.5
80.52
-0.032 80.54
80.56
80.58
-0.028 80.6
80.62
-0.024 80.64
80.66
80.68
80.7
80.72
80.74
80.76
80.78
-0.003 80.8
80.82
80.84
80.86
80.88
80.9
0.02 80.92
80.94
0.026 80.96
80.98
0.032 81
81.02
0.034 81.04
81.06
0.036 81.08
81.1
0.035 81.12
81.14
0.035 81.16
81.18
81.2
81.22
81.24
81.26
81.28
81.3
81.32
81.34
81.36
81.38
81.4
81.42
81.44
81.46
81.48
81.5
81.52
-0.02 81.54
81.56
81.58
81.6
81.62
81.64
81.66
81.68
-0.026 81.7
81.72
81.74
81.76
81.78
81.8
81.82
81.84
81.86
81.88
81.9
81.92
81.94
81.96
81.98
82
82.02
82.04
82.06
82.08
82.1
82.12
82.14
82.16
0.033 82.18
82.2
82.22
82.24
82.26
82.28
0.029 82.3
82.32
0.026 82.34
82.36
0.026 82.38
82.4
82.42
82.44
82.46
82.48
82.5
82.52
82.54
82.56
82.58
82.6
82.62
-0.023 82.64
82.66
-0.031 82.68
82.7
82.72
82.74
82.76
82.78
82.8
82.82
82.84
82.86
-0.028 82.88
82.9
82.92
82.94
82.96
82.98
83
83.02
83.04
83.06
83.08
0.006 83.1
83.12
83.14
83.16
0.022 83.18
83.2
0.023 83.22
83.24
0.026 83.26
83.28
0.025 83.3
83.32
83.34
0.025 83.36
83.38
83.4
0.022 83.42
83.44
0.021 83.46
83.48
83.5
83.52
83.54
83.56
-0.006 83.58
83.6
83.62
83.64
83.66
83.68
83.7
83.72
83.74
83.76
83.78
83.8
83.82
83.84
83.86
-0.044 83.88
83.9
83.92
-0.042 83.94
83.96
83.98
-0.036 84
84.02
84.04
84.06
84.08
84.1
84.12
84.14
84.16
84.18
84.2
84.22
84.24
0.007 84.26
84.28
84.3
84.32
84.34
84.36
0.019 84.38
84.4
0.019 84.42
84.44
0.021 84.46
84.48
0.018 84.5
84.52
84.54
84.56
84.58
84.6
84.62
84.64
84.66
84.68
84.7
84.72
84.74
84.76
84.78
84.8
84.82
84.84
84.86
84.88
84.9
84.92
84.94
84.96
84.98
85
85.02
85.04
85.06
85.08
85.1
85.12
85.14
85.16
85.18
85.2
85.22
85.24
85.26
85.28
85.3
85.32
85.34
85.36
85.38
85.4
85.42
85.44
85.46
0.017 85.48
85.5
0.021 85.52
85.54
85.56
85.58
85.6
85.62
85.64
85.66
85.68
85.7
85.72
85.74
85.76
85.78
85.8
85.82
85.84
85.86
85.88
85.9
85.92
85.94
85.96
85.98
86
86.02
86.04
86.06
86.08
86.1
-0.039 86.12
86.14
-0.037 86.16
86.18
86.2
86.22
-0.028 86.24
86.26
-0.02 86.28
86.3
86.32
86.34
-0.01 86.36
86.38
86.4
86.42
86.44
86.46
86.48
86.5
86.52
86.54
0.026 86.56
86.58
0.03 86.6
86.62
0.031 86.64
86.66
0.033 86.68
86.7
0.029 86.72
86.74
86.76
86.78
86.8
86.82
86.84
86.86
86.88
86.9
86.92
86.94
86.96
86.98
87
87.02
87.04
87.06
87.08
87.1
87.12
87.14
87.16
87.18
-0.03 87.2
87.22
87.24
87.26
-0.024 87.28
87.3
-0.021 87.32
87.34
-0.016 87.36
87.38
-0.011 87.4
87.42
-0.005 87.44
87.46
0.002 87.48
87.5
87.52
87.54
0.018 87.56
87.58
87.6
87.62
0.03 87.64
87.66
0.033 87.68
87.7
0.037 87.72
87.74
0.039 87.76
87.78
0.035 87.8
87.82
87.84
0.035 87.86
87.88
87.9
87.92
0.026 87.94
87.96
0.018 87.98
88
88.02
88.04
88.06
88.08
88.1
88.12
-0.011 88.14
88.16
88.18
88.2
88.22
88.24
-0.024 88.26
88.28
88.3
88.32
-0.028 88.34
88.36
-0.025 88.38
88.4
88.42
88.44
-0.019 88.46
88.48
-0.013 88.5
88.52
88.54
88.56
0.001 88.58
88.6
88.62
88.64
88.66
88.68
0.022 88.7
88.72
0.024 88.74
88.76
0.028 88.78
88.8
0.032 88.82
88.84
0.033 88.86
88.88
88.9
88.92
88.94
88.96
88.98
89
0.025 89.02
89.04
89.06
0.018 89.08
89.1
89.12
89.14
89.16
89.18
89.2
89.22
89.24
89.26
-0.02 89.28
89.3
89.32
89.34
-0.032 89.36
89.38
89.4
89.42
-0.034 89.44
89.46
89.48
-0.035 89.5
89.52
89.54
89.56
89.58
89.6
89.62
89.64
89.66
89.68
-0.007 89.7
89.72
89.74
0.007 89.76
89.78
89.8
89.82
89.84
89.86
89.88
89.9
89.92
89.94
0.026 89.96
89.98
90
90.02
90.04
90.06
90.08
90.1
90.12
90.14
0.014 90.16
90.18
90.2
90.22
90.24
90.26
90.28
-0.011 90.3
90.32
90.34
90.36
-0.029 90.38
90.4
90.42
90.44
-0.036 90.46
90.48
-0.036 90.5
90.52
-0.04 90.54
90.56
-0.04 90.58
90.6
90.62
90.64
-0.033 90.66
90.68
90.7
90.72
-0.023 90.74
90.76
90.78
90.8
90.82
90.84
90.86
90.88
90.9
90.92
90.94
90.96
90.98
91
91.02
0.02 91.04
91.06
0.02 91.08
91.1
0.022 91.12
91.14
91.16
91.18
0.017 91.2
91.22
91.24
91.26
91.28
91.3
91.32
91.34
91.36
91.38
91.4
91.42
91.44
91.46
91.48
91.5
91.52
-0.033 91.54
91.56
-0.038 91.58
91.6
91.62
-0.043 91.64
91.66
91.68
-0.038 91.7
91.72
91.74
91.76
91.78
91.8
91.82
-0.026 91.84
91.86
91.88
91.9
91.92
91.94
91.96
91.98
92
92.02
0.01 92.04
92.06
92.08
92.1
0.018 92.12
92.14
0.023 92.16
92.18
0.02 92.2
92.22
0.025 92.24
92.26
0.022 92.28
92.3
92.32
0.017 92.34
92.36
0.011 92.38
92.4
0.008 92.42
92.44
92.46
92.48
92.5
92.52
92.54
92.56
-0.019 92.58
92.6
92.62
92.64
92.66
92.68
92.7
-0.035 92.72
92.74
92.76
-0.037 92.78
92.8
-0.036 92.82
92.84
92.86
92.88
92.9
92.92
92.94
92.96
92.98
93
93.02
93.04
93.06
93.08
93.1
93.12
93.14
0.015 93.16
93.18
93.2
93.22
93.24
93.26
0.03 93.28
93.3
0.034 93.32
93.34
93.36
0.032 93.38
93.4
93.42
93.44
93.46
93.48
0.022 93.5
93.52
93.54
93.56
93.58
93.6
-0.002 93.62
93.64
-0.009 93.66
93.68
93.7
93.72
-0.018 93.74
93.76
93.78
93.8
93.82
93.84
93.86
93.88
-0.028 93.9
93.92
93.94
93.96
93.98
94
-0.017 94.02
94.04
-0.012 94.06
94.08
94.1
94.12
94.14
94.16
94.18
94.2
94.22
94.24
94.26
94.28
94.3
94.32
0.028 94.34
94.36
94.38
0.037 94.4
94.42
0.035 94.44
94.46
0.035 94.48
94.5
94.52
94.54
94.56
94.58
94.6
94.62
94.64
94.66
94.68
94.7
94.72
94.74
94.76
-0.009 94.78
94.8
94.82
94.84
94.86
94.88
94.9
94.92
-0.028 94.94
94.96
-0.032 94.98
95
-0.031 95.02
95.04
-0.03 95.06
95.08
95.1
95.12
95.14
95.16
-0.011 95.18
95.2
95.22
95.24
95.26
95.28
95.3
0.01 95.32
95.34
95.36
95.38
95.4
95.42
95.44
95.46
95.48
0.029 95.5
95.52
95.54
0.029 95.56
95.58
0.029 95.6
95.62
95.64
95.66
0.026 95.68
95.7
0.024 95.72
95.74
0.012 95.76
95.78
95.8
95.82
95.84
95.86
-0.011 95.88
95.9
95.92
95.94
95.96
95.98
96
96.02
96.04
-0.036 96.06
96.08
96.1
96.12
96.14
96.16
96.18
96.2
96.22
96.24
96.26
96.28
96.3
96.32
96.34
96.36
96.38
-0.006 96.4
96.42
96.44
96.46
96.48
96.5
0.015 96.52
96.54
96.56
96.58
0.023 96.6
96.62
0.024 96.64
96.66
0.025 96.68
96.7
0.025 96.72
96.74
0.02 96.76
96.78
0.015 96.8
96.82
0.007 96.84
96.86
96.88
96.9
96.92
96.94
96.96
96.98
97
97.02
97.04
97.06
97.08
-0.037 97.1
97.12
97.14
97.16
97.18
97.2
97.22
97.24
97.26
97.28
97.3
-0.038 97.32
97.34
97.36
97.38
97.4
97.42
97.44
97.46
97.48
97.5
97.52
97.54
97.56
97.58
97.6
97.62
97.64
97.66
0.015 97.68
97.7
97.72
97.74
0.022 97.76
97.78
0.02 97.8
97.82
97.84
97.86
97.88
97.9
97.92
97.94
97.96
97.98
98
98.02
98.04
98.06
98.08
98.1
98.12
98.14
98.16
98.18
98.2
98.22
-0.035 98.24
98.26
-0.039 98.28
98.3
98.32
98.34
98.36
-0.038 98.38
98.4
98.42
-0.032 98.44
98.46
-0.032 98.48
98.5
98.52
98.54
-0.017 98.56
98.58
98.6
98.62
98.64
98.66
98.68
98.7
98.72
98.74
98.76
98.78
98.8
0.02 98.82
98.84
98.86
0.025 98.88
98.9
0.024 98.92
98.94
98.96
98.98
99
0.014 99.02
99.04
99.06
99.08
99.1
99.12
99.14
99.16
99.18
99.2
99.22
99.24
99.26
99.28
99.3
99.32
99.34
99.36
99.38
99.4
-0.033 99.42
99.44
99.46
-0.032 99.48
99.5
99.52
99.54
99.56
-0.024 99.58
99.6
-0.02 99.62
99.64
99.66
99.68
-0.004 99.7
99.72
99.74
99.76
99.78
99.8
0.014 99.82
99.84
0.023 99.86
99.88
0.03 99.9
99.92
0.03 99.94
99.96
0.033 99.98
100
0.033 100.02
100.04
0.032 100.06
100.08
0.028 100.1
100.12
0.026 100.14
100.16
100.18
100.2
100.22
100.24
0.002 100.26
100.28
100.3
100.32
100.34
100.36
100.38
-0.015 100.4
100.42
100.44
-0.021 100.46
100.48
100.5
100.52
-0.029 100.54
100.56
100.58
100.6
-0.026 100.62
100.64
-0.022 100.66
100.68
100.7
100.72
100.74
100.76
100.78
100.8
100.82
100.84
100.86
100.88
100.9
100.92
100.94
100.96
100.98
101
101.02
101.04
101.06
0.034 101.08
101.1
0.032 101.12
101.14
0.032 101.16
101.18
0.033 101.2
101.22
0.027 101.24
101.26
0.027 101.28
101.3
0.021 101.32
101.34
101.36
101.38
0.004 101.4
101.42
-0.007 101.44
101.46
101.48
101.5
-0.017 101.52
101.54
101.56
101.58
101.6
101.62
101.64
101.66
101.68
101.7
101.72
101.74
101.76
101.78
-0.02 101.8
101.82
101.84
101.86
101.88
101.9
101.92
101.94
101.96
101.98
102
0.018 102.02
102.04
102.06
102.08
0.026 102.1
102.12
102.14
102.16
102.18
102.2
102.22
102.24
102.26
102.28
102.3
102.32
102.34
102.36
102.38
102.4
102.42
0.013 102.44
102.46
102.48
102.5
102.52
102.54
102.56
102.58
102.6
102.62
102.64
102.66
102.68
102.7
102.72
102.74
102.76
-0.039 102.78
102.8
-0.037 102.82
102.84
102.86
-0.031 102.88
102.9
-0.028 102.92
102.94
-0.024 102.96
102.98
103
103.02
103.04
103.06
103.08
103.1
103.12
103.14
103.16
103.18
103.2
103.22
103.24
103.26
0.025 103.28
103.3
103.32
103.34
103.36
103.38
0.022 103.4
103.42
103.44
103.46
103.48
103.5
103.52
103.54
103.56
103.58
103.6
103.62
103.64
103.66
103.68
103.7
103.72
103.74
103.76
103.78
103.8
103.82
-0.042 103.84
103.86
103.88
103.9
103.92
103.94
103.96
103.98
104
104.02
-0.034 104.04
104.06
104.08
104.1
104.12
104.14
104.16
104.18
104.2
104.22
104.24
104.26
104.28
104.3
104.32
104.34
104.36
0.018 104.38
104.4
104.42
104.44
104.46
104.48
104.5
104.52
104.54
104.56
0.011 104.58
104.6
0.006 104.62
104.64
104.66
104.68
104.7
104.72
104.74
104.76
104.78
104.8
104.82
104.84
104.86
104.88
104.9
104.92
104.94
104.96
104.98
105
-0.041 105.02
105.04
-0.04 105.06
105.08
105.1
105.12
105.14
105.16
105.18
105.2
105.22
105.24
105.26
105.28
105.3
105.32
105.34
105.36
0.008 105.38
105.4
105.42
105.44
0.015 105.46
105.48
0.02 105.5
105.52
0.025 105.54
105.56
0.023 105.58
105.6
0.023 105.62
105.64
105.66
105.68
105.7
105.72
105.74
105.76
105.78
105.8
105.82
105.84
105.86
105.88
105.9
105.92
105.94
105.96
105.98
106
-0.032 106.02
106.04
-0.032 106.06
106.08
106.1
-0.032 106.12
106.14
106.16
-0.032 106.18
106.2
106.22
106.24
-0.02 106.26
106.28
106.3
106.32
106.34
106.36
106.38
106.4
106.42
106.44
106.46
106.48
106.5
106.52
106.54
0.026 106.56
106.58
106.6
0.034 106.62
106.64
0.035 106.66
106.68
0.035 106.7
106.72
106.74
0.029 106.76
106.78
106.8
106.82
106.84
106.86
106.88
0.01 106.9
106.92
106.94
0.001 106.96
106.98
107
107.02
-0.011 107.04
107.06
107.08
107.1
107.12
107.14
107.16
107.18
-0.029 107.2
107.22
107.24
107.26
-0.03 107.28
107.3
-0.024 107.32
107.34
-0.018 107.36
107.38
-0.012 107.4
107.42
-0.008 107.44
107.46
107.48
107.5
107.52
107.54
107.56
107.58
0.023 107.6
107.62
107.64
107.66
0.028 107.68
107.7
0.032 107.72
107.74
107.76
107.78
0.034 107.8
107.82
0.032 107.84
107.86
107.88
107.9
107.92
107.94
107.96
107.98
108
108.02
108.04
108.06
108.08
108.1
108.12
108.14
108.16
108.18
108.2
108.22
108.24
108.26
108.28
-0.03 108.3
108.32
-0.032 108.34
108.36
108.38
-0.032 108.4
108.42
-0.025 108.44
108.46
-0.02 108.48
108.5
108.52
108.54
-0.01 108.56
108.58
108.6
108.62
108.64
108.66
0.011 108.68
108.7
108.72
108.74
0.025 108.76
108.78
108.8
108.82
108.84
0.027 108.86
108.88
108.9
108.92
108.94
108.96
108.98
109
0.026 109.02
109.04
0.021 109.06
109.08
109.1
109.12
0.003 109.14
109.16
-0.009 109.18
109.2
109.22
109.24
109.26
109.28
-0.025 109.3
109.32
109.34
109.36
109.38
109.4
109.42
109.44
109.46
109.48
109.5
109.52
109.54
-0.034 109.56
109.58
-0.028 109.6
109.62
109.64
109.66
109.68
109.7
109.72
109.74
109.76
109.78
109.8
109.82
109.84
109.86
109.88
109.9
109.92
109.94
0.022 109.96
109.98
110
0.024 110.02
110.04
110.06
110.08
0.02 110.1
110.12
0.014 110.14
110.16
0.007 110.18
110.2
110.22
110.24
-0.008 110.26
110.28
-0.014 110.3
110.32
110.34
110.36
-0.024 110.38
110.4
-0.034 110.42
110.44
-0.04 110.46
110.48
110.5
110.52
-0.041 110.54
110.56
-0.042 110.58
110.6
110.62
110.64
110.66
110.68
110.7
110.72
110.74
110.76
110.78
110.8
110.82
110.84
110.86
110.88
0.002 110.9
110.92
110.94
110.96
0.011 110.98
111
111.02
111.04
111.06
111.08
0.023 111.1
111.12
0.021 111.14
111.16
0.019 111.18
111.2
111.22
111.24
111.26
111.28
111.3
111.32
111.34
111.36
111.38
111.4
111.42
111.44
111.46
111.48
111.5
-0.03 111.52
111.54
111.56
111.58
111.6
111.62
111.64
111.66
111.68
111.7
111.72
111.74
111.76
-0.032 111.78
111.8
-0.031 111.82
111.84
111.86
111.88
-0.018 111.9
111.92
111.94
111.96
111.98
112
0.006 112.02
112.04
112.06
112.08
112.1
0.016 112.12
112.14
112.16
112.18
112.2
112.22
0.027 112.24
112.26
0.023 112.28
112.3
0.022 112.32
112.34
0.017 112.36
112.38
112.4
112.42
112.44
112.46
112.48
112.5
112.52
112.54
112.56
112.58
-0.017 112.6
112.62
112.64
112.66
112.68
-0.029 112.7
112.72
112.74
-0.032 112.76
112.78
112.8
112.82
112.84
112.86
112.88
112.9
112.92
112.94
112.96
112.98
113
113.02
113.04
113.06
113.08
113.1
113.12
113.14
0.016 113.16
113.18
0.023 113.2
113.22
0.029 113.24
113.26
113.28
113.3
0.035 113.32
113.34
0.033 113.36
113.38
0.032 113.4
113.42
0.03 113.44
113.46
113.48
113.5
113.52
113.54
113.56
113.58
113.6
113.62
113.64
113.66
113.68
113.7
-0.012 113.72
113.74
113.76
113.78
113.8
113.82
113.84
-0.028 113.86
113.88
113.9
113.92
113.94
-0.028 113.96
113.98
-0.021 114
114.02
-0.015 114.04
114.06
-0.011 114.08
114.1
-0.011 114.12
114.14
114.16
114.18
114.2
114.22
114.24
114.26
114.28
114.3
114.32
114.34
114.36
114.38
0.035 114.4
114.42
0.036 114.44
114.46
114.48
114.5
114.52
114.54
114.56
114.58
114.6
0.026 114.62
114.64
114.66
114.68
114.7
114.72
114.74
114.76
114.78
114.8
114.82
114.84
114.86
114.88
114.9
114.92
114.94
114.96
-0.032 114.98
115
-0.033 115.02
115.04
115.06
115.08
115.1
115.12
115.14
115.16
115.18
115.2
115.22
115.24
115.26
115.28
115.3
115.32
115.34
115.36
115.38
115.4
115.42
0.027 115.44
115.46
115.48
0.028 115.5
115.52
0.029 115.54
115.56
115.58
115.6
115.62
0.026 115.64
115.66
115.68
115.7
115.72
115.74
115.76
115.78
-0.001 115.8
115.82
-0.008 115.84
115.86
115.88
115.9
115.92
115.94
-0.028 115.96
115.98
116
116.02
116.04
116.06
116.08
116.1
-0.04 116.12
116.14
116.16
116.18
-0.032 116.2
116.22
-0.028 116.24
116.26
-0.025 116.28
116.3
116.32
116.34
116.36
116.38
116.4
116.42
116.44
116.46
0.009 116.48
116.5
116.52
116.54
0.02 116.56
116.58
116.6
116.62
0.024 116.64
116.66
0.024 116.68
116.7
0.022 116.72
116.74
116.76
116.78
116.8
116.82
116.84
116.86
116.88
116.9
116.92
116.94
116.96
116.98
117
117.02
117.04
117.06
117.08
-0.036 117.1
117.12
117.14
-0.042 117.16
117.18
117.2
117.22
117.24
117.26
117.28
117.3
117.32
-0.036 117.34
117.36
117.38
117.4
117.42
117.44
117.46
117.48
117.5
117.52
117.54
117.56
117.58
117.6
0.009 117.62
117.64
0.015 117.66
117.68
117.7
117.72
117.74
0.022 117.76
117.78
117.8
0.022 117.82
117.84
0.019 117.86
117.88
0.015 117.9
117.92
0.008 117.94
117.96
117.98
118
118.02
118.04
118.06
118.08
118.1
118.12
118.14
118.16
118.18
118.2
118.22
-0.036 118.24
118.26
118.28
118.3
118.32
118.34
118.36
118.38
118.4
-0.033 118.42
118.44
118.46
118.48
118.5
118.52
118.54
118.56
118.58
118.6
118.62
118.64
118.66
118.68
0.01 118.7
118.72
0.014 118.74
118.76
0.021 118.78
118.8
0.024 118.82
118.84
118.86
118.88
0.028 118.9
118.92
0.026 118.94
118.96
0.025 118.98
119
119.02
0.014 119.04
119.06
119.08
119.1
119.12
119.14
119.16
119.18
119.2
119.22
119.24
119.26
119.28
119.3
119.32
119.34
119.36
119.38
119.4
119.42
119.44
119.46
-0.031 119.48
119.5
119.52
-0.024 119.54
119.56
-0.016 119.58
119.6
-0.013 119.62
119.64
-0.01 119.66
119.68
119.7
119.72
119.74
119.76
119.78
119.8
119.82
119.84
119.86
0.03 119.88
119.9
0.034 119.92
119.94
0.035 119.96
119.98
0.036 120
120.02
0.036 120.04
120.06
0.035 120.08
120.1
0.032 120.12
120.14
0.027 120.16
120.18
0.02 120.2
120.22
0.011 120.24
120.26
