0.06 0.033
0.1 0.027
0.14 0.022
0.18 0.014
0.22 0.006
0.3 -0.01
0.34 -0.016
0.38 -0.02
0.42 -0.023
0.46 -0.028
0.5 -0.027
0.54 -0.029
0.58 -0.027
0.7 -0.012
0.74 -0.006
0.82 0.008
0.86 0.018
0.9 0.025
0.94 0.027
0.98 0.028
1.02 0.03
1.06 0.03
1.1 0.029
1.14 0.025
1.18 0.022
1.44 -0.021
1.48 -0.03
1.52 -0.035
1.56 -0.039
1.6 -0.039
1.64 -0.04
1.68 -0.039
1.72 -0.032
1.76 -0.029
1.8 -0.017
1.84 -0.014
1.88 -0.011
1.92 -0.002
2 0.01
2.18 0.023
2.22 0.022
2.34 0.006
2.42 -0.008
2.46 -0.015
2.5 -0.024
2.54 -0.028
2.7 -0.043
2.74 -0.042
2.78 -0.041
2.82 -0.035
2.86 -0.032
2.9 -0.026
2.94 -0.02
2.98 -0.009
3.02 -0.002
3.1 0.006
3.14 0.014
3.18 0.019
3.22 0.025
3.26 0.026
3.3 0.025
3.34 0.025
3.56 -0.01
3.6 -0.014
3.64 -0.019
3.68 -0.027
3.72 -0.028
3.76 -0.032
3.8 -0.032
3.84 -0.035
3.88 -0.031
3.92 -0.024
3.96 -0.021
4 -0.016
4.04 -0.012
4.08 -0.004
4.12 -0.003
4.16 0.008
4.2 0.014
4.24 0.018
4.28 0.023
4.32 0.026
4.36 0.03
4.4 0.029
4.46 0.027
4.5 0.026
4.54 0.02
4.58 0.015
4.62 0.007
4.66 -0.002
4.7 -0.009
4.74 -0.011
4.78 -0.019
4.82 -0.021
4.86 -0.024
4.9 -0.029
4.94 -0.028
4.98 -0.028
5.22 0.001
5.34 0.026
5.38 0.03
5.42 0.033
5.46 0.036
5.5 0.038
5.54 0.035
5.58 0.035
5.62 0.03
5.7 0.02
5.92 -0.017
5.96 -0.021
6 -0.025
6.08 -0.026
6.12 -0.026
6.16 -0.024
6.2 -0.017
6.28 -0.004
6.32 -0
6.36 0.011
6.5 0.027
6.56 0.03
6.64 0.029
6.7 0.028
6.74 0.024
7 -0.022
7.06 -0.026
7.12 -0.036
7.16 -0.039
7.22 -0.037
7.26 -0.03
7.3 -0.025
7.34 -0.019
7.46 0.001
7.5 0.006
7.54 0.011
7.62 0.021
7.68 0.024
7.74 0.022
7.84 0.017
7.96 -0.005
8.12 -0.029
8.3 -0.043
8.34 -0.042
8.46 -0.026
8.68 0.009
8.72 0.014
8.76 0.016
8.8 0.02
8.84 0.021
8.88 0.018
8.92 0.018
8.96 0.013
9 0.006
9.08 -0.007
9.3 -0.036
9.34 -0.04
9.38 -0.04
9.42 -0.037
9.46 -0.035
9.62 -0.015
9.76 0.009
9.84 0.018
9.88 0.024
9.92 0.026
9.96 0.024
10 0.023
10.04 0.02
10.08 0.015
10.12 0.009
10.16 0.006
10.2 -0.003
10.46 -0.032
10.5 -0.032
10.74 -0.005
10.96 0.028
11 0.031
11.04 0.033
11.08 0.032
11.12 0.031
11.16 0.028
11.2 0.026
11.62 -0.027
11.66 -0.027
12.08 0.03
12.12 0.036
12.16 0.036
12.24 0.032
12.32 0.026
12.56 -0.016
12.68 -0.031
12.72 -0.032
12.82 -0.025
12.86 -0.021
13.06 0.01
13.12 0.022
13.16 0.023
13.24 0.029
13.32 0.029
13.36 0.027
13.4 0.022
13.44 0.017
13.86 -0.04
13.94 -0.035
13.98 -0.028
14.02 -0.024
14.06 -0.012
14.1 -0.009
14.14 -0.002
14.24 0.011
14.34 0.022
14.4 0.019
14.48 0.017
14.52 0.012
14.56 0.007
14.68 -0.015
14.8 -0.033
14.84 -0.04
14.88 -0.042
14.94 -0.043
15.08 -0.034
15.44 0.019
15.48 0.019
15.52 0.025
15.98 -0.035
16.02 -0.037
16.06 -0.038
16.12 -0.035
16.16 -0.03
16.46 0.012
16.58 0.026
16.62 0.028
16.96 -0.011
17.04 -0.021
17.08 -0.027
17.12 -0.03
17.16 -0.03
17.2 -0.028
17.28 -0.019
17.32 -0.015
17.36 -0.011
17.7 0.034
17.74 0.032
17.78 0.032
17.98 0.007
18.08 -0.012
18.24 -0.028
18.3 -0.028
18.34 -0.027
18.38 -0.023
18.42 -0.018
18.54 0.002
18.62 0.017
18.78 0.034
18.82 0.031
18.86 0.032
18.9 0.03
19.36 -0.033
19.44 -0.032
19.52 -0.024
19.68 -0
19.72 0.006
19.76 0.012
19.8 0.023
19.84 0.025
19.9 0.024
19.94 0.026
19.98 0.026
20.02 0.021
20.1 0.014
20.14 0.002
20.5 -0.043
20.56 -0.041
20.74 -0.016
20.82 -0.004
20.9 0.009
20.94 0.014
20.98 0.017
21.02 0.018
21.08 0.018
21.12 0.017
21.2 0.011
21.24 0.007
21.28 -0
21.32 -0.007
21.36 -0.014
21.4 -0.021
21.44 -0.023
21.48 -0.028
21.52 -0.032
21.56 -0.038
21.6 -0.035
21.64 -0.036
21.68 -0.033
21.72 -0.032
21.76 -0.028
21.8 -0.024
21.84 -0.019
21.92 -0.003
22.02 0.01
22.12 0.021
22.16 0.023
22.22 0.02
22.26 0.019
22.36 0.01
22.44 -0.004
22.48 -0.01
22.6 -0.031
22.74 -0.033
22.78 -0.033
22.82 -0.031
22.86 -0.024
22.9 -0.019
23.02 -0
23.06 0.006
23.1 0.016
23.14 0.022
23.18 0.028
23.22 0.033
23.26 0.036
23.3 0.035
23.34 0.029
23.38 0.03
23.42 0.024
23.54 0.006
23.72 -0.018
23.8 -0.027
23.84 -0.028
23.94 -0.019
24.28 0.029
24.4 0.036
24.44 0.036
24.48 0.035
24.56 0.025
24.82 -0.02
24.86 -0.025
24.94 -0.028
25.14 -0.013
25.48 0.029
25.52 0.029
26.02 -0.037
26.06 -0.04
26.12 -0.039
26.16 -0.032
26.2 -0.027
26.36 -0.006
26.44 0.01
26.52 0.02
26.56 0.026
26.6 0.025
26.64 0.02
26.76 0.014
27.14 -0.043
27.18 -0.044
27.68 0.022
27.72 0.021
27.84 0.017
28.04 -0.014
28.08 -0.024
28.12 -0.028
28.2 -0.036
28.24 -0.038
28.28 -0.037
28.32 -0.036
28.52 -0.014
28.74 0.018
28.78 0.026
28.82 0.025
28.86 0.024
28.9 0.022
28.94 0.021
28.98 0.017
29.02 0.011
29.06 0.006
29.22 -0.017
29.3 -0.031
29.42 -0.032
29.46 -0.031
29.5 -0.023
29.54 -0.019
29.58 -0.012
29.62 -0.008
29.7 0.002
29.78 0.022
29.86 0.032
29.9 0.036
29.94 0.038
29.98 0.035
30.02 0.034
31.02 0.031
31.08 0.035
31.16 0.031
31.2 0.028
31.24 0.026
31.32 0.009
31.36 -0.001
31.4 -0.011
31.44 -0.015
31.48 -0.019
31.52 -0.024
31.56 -0.033
31.6 -0.033
31.64 -0.032
31.68 -0.029
31.72 -0.023
31.76 -0.023
32.02 0.021
32.18 0.03
32.22 0.026
32.26 0.026
32.3 0.022
32.34 0.018
32.42 0.001
32.46 -0.007
32.7 -0.041
32.78 -0.041
32.98 -0.013
33.1 0.006
33.26 0.021
33.3 0.022
33.34 0.02
33.38 0.018
33.42 0.014
33.46 0.007
33.5 0.002
33.54 -0.004
33.58 -0.014
33.62 -0.023
33.74 -0.037
33.78 -0.043
33.9 -0.041
33.94 -0.039
34.2 0.003
34.24 0.01
34.28 0.013
34.32 0.017
34.36 0.022
34.4 0.025
34.44 0.024
34.48 0.022
34.52 0.02
34.56 0.012
34.6 0.006
34.68 -0.006
34.72 -0.009
34.76 -0.021
34.8 -0.026
34.88 -0.032
34.92 -0.036
34.96 -0.036
35 -0.032
35.18 -0.016
35.46 0.029
35.54 0.031
35.58 0.026
35.62 0.023
35.66 0.019
35.7 0.014
35.82 -0.007
35.94 -0.018
35.98 -0.027
36.02 -0.031
36.06 -0.027
36.18 -0.018
36.22 -0.016
36.26 -0.011
36.3 -0.005
36.46 0.024
36.56 0.031
36.68 0.032
36.84 0.02
36.88 0.01
37 -0.011
37.04 -0.015
37.08 -0.019
37.16 -0.028
37.2 -0.028
37.24 -0.028
37.28 -0.021
37.32 -0.018
37.44 0.002
37.48 0.009
37.52 0.016
37.64 0.029
37.7 0.031
37.74 0.032
37.82 0.029
38.18 -0.027
38.3 -0.036
38.62 0.002
38.66 0.012
38.74 0.022
38.78 0.024
38.82 0.027
38.86 0.026
38.94 0.025
38.98 0.019
39.02 0.012
39.06 0.006
39.36 -0.04
39.4 -0.042
39.44 -0.042
39.7 -0.011
39.9 0.021
39.94 0.022
39.98 0.019
40.02 0.018
40.24 -0.011
40.4 -0.035
40.48 -0.041
40.52 -0.041
40.58 -0.039
40.78 -0.011
40.94 0.011
40.98 0.017
41.02 0.022
41.14 0.021
41.36 -0.006
41.54 -0.033
41.58 -0.034
41.66 -0.033
42.12 0.03
42.16 0.031
42.2 0.031
42.8 -0.027
42.84 -0.018
43 -0
43.2 0.029
43.24 0.033
43.28 0.035
43.32 0.034
43.46 0.026
43.84 -0.029
43.88 -0.029
43.96 -0.022
44.04 -0.013
44.34 0.028
44.38 0.028
44.42 0.03
44.58 0.025
44.66 -0
44.82 -0.024
44.86 -0.029
45.06 -0.032
45.26 -0.007
45.32 0.006
45.38 0.014
45.42 0.017
45.46 0.022
45.5 0.026
45.66 0.014
46.18 -0.036
46.26 -0.029
46.3 -0.017
46.72 0.018
46.84 0.005
47.06 -0.034
47.1 -0.035
47.14 -0.036
47.18 -0.037
47.22 -0.039
47.68 0.026
47.72 0.024
47.76 0.026
47.8 0.024
47.92 0.011
48.18 -0.026
48.22 -0.029
48.48 -0.016
48.6 0.005
48.72 0.025
48.84 0.034
48.88 0.035
48.96 0.029
49 0.029
49.24 -0.011
49.38 -0.027
49.52 -0.019
49.8 0.025
49.86 0.03
49.94 0.033
50.12 0.025
50.22 0.008
50.44 -0.027
50.48 -0.032
50.54 -0.032
50.58 -0.029
50.62 -0.025
50.7 -0.014
50.78 -0.003
50.96 0.025
51.02 0.028
51.08 0.028
51.14 0.026
51.18 0.026
51.62 -0.038
51.66 -0.04
51.7 -0.038
51.78 -0.029
51.82 -0.027
52.14 0.022
52.2 0.02
52.24 0.019
52.32 0.013
52.7 -0.04
52.74 -0.04
52.78 -0.042
53.2 0.017
53.24 0.019
53.28 0.023
53.32 0.023
53.36 0.022
53.4 0.018
53.44 0.013
53.48 0.008
53.56 -0.005
53.64 -0.015
53.68 -0.025
53.72 -0.031
53.84 -0.04
53.88 -0.039
53.92 -0.036
54.04 -0.023
54.32 0.022
54.36 0.027
54.44 0.03
54.48 0.027
54.54 0.022
54.62 0.01
54.7 -0.002
54.78 -0.012
54.82 -0.018
55.02 -0.028
55.1 -0.018
55.22 -0.005
55.42 0.03
55.5 0.037
55.62 0.031
55.72 0.023
55.96 -0.018
56 -0.023
56.04 -0.028
56.38 0.01
56.48 0.026
56.58 0.033
56.62 0.033
56.66 0.033
56.72 0.031
57.18 -0.033
57.22 -0.032
57.26 -0.032
57.3 -0.022
57.34 -0.023
57.38 -0.016
57.42 -0.009
57.5 0.004
57.58 0.014
57.62 0.023
57.66 0.023
57.7 0.025
58 -0.004
58.16 -0.032
58.26 -0.04
58.36 -0.04
58.4 -0.036
58.56 -0.013
58.76 0.015
58.8 0.02
58.84 0.02
58.92 0.021
59 0.014
59.34 -0.04
59.46 -0.041
59.56 -0.031
59.6 -0.028
59.9 0.019
59.94 0.021
59.98 0.022
60.02 0.021
60.38 -0.029
60.44 -0.031
60.52 -0.037
60.98 0.03
61.02 0.029
61.06 0.032
61.12 0.032
61.18 0.03
61.22 0.025
61.3 0.01
61.46 -0.013
61.6 -0.029
62.1 0.028
62.14 0.033
62.34 0.026
62.4 0.02
62.64 -0.021
62.68 -0.026
62.8 -0.029
63.18 0.026
63.24 0.029
63.28 0.03
63.48 0.024
63.82 -0.037
63.88 -0.036
63.92 -0.036
63.96 -0.029
64.04 -0.019
64.12 -0.01
64.16 0.001
64.28 0.015
64.32 0.02
64.36 0.023
64.44 0.026
64.52 0.02
64.8 -0.025
64.92 -0.042
64.96 -0.043
65 -0.042
65.04 -0.041
65.08 -0.037
65.12 -0.033
65.16 -0.026
65.2 -0.018
65.24 -0.012
65.32 0.002
65.36 0.007
65.54 0.022
65.58 0.021
65.62 0.017
65.66 0.014
65.74 0.003
65.9 -0.027
65.94 -0.032
66.08 -0.04
66.44 0.006
66.54 0.015
66.66 0.024
66.72 0.022
67.12 -0.032
67.16 -0.032
67.2 -0.035
67.62 0.026
67.66 0.029
67.7 0.032
67.74 0.035
67.82 0.033
68.26 -0.027
68.3 -0.03
68.42 -0.023
68.46 -0.014
68.5 -0.012
68.84 0.035
68.88 0.034
69 0.029
69.38 -0.027
69.48 -0.032
69.56 -0.023
69.84 0.023
69.88 0.025
69.92 0.028
69.96 0.026
70 0.028
70.08 0.026
70.64 -0.033
70.68 -0.029
70.72 -0.024
70.84 -0.006
70.92 0.008
71.02 0.022
71.06 0.021
71.18 0.017
71.22 0.014
71.3 -0
71.5 -0.035
71.6 -0.042
72 0.001
72.14 0.019
72.22 0.019
72.26 0.019
72.3 0.018
72.34 0.017
72.38 0.011
72.42 0.003
72.46 -0.003
72.5 -0.011
72.54 -0.015
72.58 -0.021
72.62 -0.028
72.66 -0.032
72.7 -0.035
72.74 -0.035
72.78 -0.039
72.82 -0.038
72.86 -0.032
72.9 -0.028
72.94 -0.02
72.98 -0.015
73.02 -0.01
73.1 0.004
73.26 0.024
73.3 0.022
73.34 0.027
73.38 0.025
73.42 0.024
73.58 -0.003
73.62 -0.009
73.84 -0.031
73.92 -0.029
73.96 -0.026
74 -0.022
74.04 -0.016
74.08 -0.011
74.12 -0.002
74.16 0.001
74.2 0.01
74.24 0.016
74.32 0.028
74.36 0.03
74.4 0.036
74.44 0.037
74.48 0.031
74.52 0.03
74.56 0.028
74.6 0.026
74.68 0.007
74.72 -0.002
74.8 -0.013
75.04 -0.027
75.34 0.021
75.46 0.032
75.5 0.035
75.54 0.033
75.58 0.033
75.62 0.03
75.66 0.027
75.7 0.026
75.74 0.021
75.78 0.01
75.82 0.001
75.86 -0.008
75.9 -0.013
75.94 -0.019
75.98 -0.024
76.06 -0.033
76.14 -0.029
76.64 0.029
76.68 0.028
76.72 0.026
76.76 0.022
77 -0.019
77.04 -0.024
77.12 -0.036
77.16 -0.039
77.2 -0.042
77.62 0.01
77.74 0.022
77.78 0.02
78.14 -0.031
78.26 -0.044
78.3 -0.046
78.34 -0.04
78.38 -0.041
78.42 -0.036
78.46 -0.033
78.5 -0.028
78.54 -0.018
78.58 -0.011
78.62 -0.006
78.82 0.022
78.88 0.024
78.96 0.021
79 0.013
79.04 0.01
79.08 0.006
79.2 -0.017
79.28 -0.031
79.38 -0.038
79.42 -0.039
79.54 -0.032
79.66 -0.011
79.84 0.013
79.88 0.019
79.92 0.029
79.96 0.029
80 0.027
80.04 0.028
80.08 0.027
80.12 0.022
80.16 0.018
80.24 -0
80.46 -0.025
80.5 -0.029
80.54 -0.032
80.6 -0.028
80.64 -0.024
80.8 -0.003
80.92 0.02
80.96 0.026
81 0.032
81.04 0.034
81.08 0.036
81.12 0.035
81.16 0.035
81.54 -0.02
81.7 -0.026
82.18 0.033
82.3 0.029
82.34 0.026
82.38 0.026
82.64 -0.023
82.68 -0.031
82.88 -0.028
83.1 0.006
83.18 0.022
83.22 0.023
83.26 0.026
83.3 0.025
83.36 0.025
83.42 0.022
83.46 0.021
83.58 -0.006
83.88 -0.044
83.94 -0.042
84 -0.036
84.26 0.007
84.38 0.019
84.42 0.019
84.46 0.021
84.5 0.018
85.48 0.017
85.52 0.021
86.12 -0.039
86.16 -0.037
86.24 -0.028
86.28 -0.02
86.36 -0.01
86.56 0.026
86.6 0.03
86.64 0.031
86.68 0.033
86.72 0.029
87.2 -0.03
87.28 -0.024
87.32 -0.021
87.36 -0.016
87.4 -0.011
87.44 -0.005
87.48 0.002
87.56 0.018
87.64 0.03
87.68 0.033
87.72 0.037
87.76 0.039
87.8 0.035
87.86 0.035
87.94 0.026
87.98 0.018
88.14 -0.011
88.26 -0.024
88.34 -0.028
88.38 -0.025
88.46 -0.019
88.5 -0.013
88.58 0.001
88.7 0.022
88.74 0.024
88.78 0.028
88.82 0.032
88.86 0.033
89.02 0.025
89.08 0.018
89.28 -0.02
89.36 -0.032
89.44 -0.034
89.5 -0.035
89.7 -0.007
89.76 0.007
89.96 0.026
90.16 0.014
90.3 -0.011
90.38 -0.029
90.46 -0.036
90.5 -0.036
90.54 -0.04
90.58 -0.04
90.66 -0.033
90.74 -0.023
91.04 0.02
91.08 0.02
91.12 0.022
91.2 0.017
91.54 -0.033
91.58 -0.038
91.64 -0.043
91.7 -0.038
91.84 -0.026
92.04 0.01
92.12 0.018
92.16 0.023
92.2 0.02
92.24 0.025
92.28 0.022
92.34 0.017
92.38 0.011
92.42 0.008
92.58 -0.019
92.72 -0.035
92.78 -0.037
92.82 -0.036
93.16 0.015
93.28 0.03
93.32 0.034
93.38 0.032
93.5 0.022
93.62 -0.002
93.66 -0.009
93.74 -0.018
93.9 -0.028
94.02 -0.017
94.06 -0.012
94.34 0.028
94.4 0.037
94.44 0.035
94.48 0.035
94.78 -0.009
94.94 -0.028
94.98 -0.032
95.02 -0.031
95.06 -0.03
95.18 -0.011
95.32 0.01
95.5 0.029
95.56 0.029
95.6 0.029
95.68 0.026
95.72 0.024
95.76 0.012
95.88 -0.011
96.06 -0.036
96.4 -0.006
96.52 0.015
96.6 0.023
96.64 0.024
96.68 0.025
96.72 0.025
96.76 0.02
96.8 0.015
96.84 0.007
97.1 -0.037
97.32 -0.038
97.68 0.015
97.76 0.022
97.8 0.02
98.24 -0.035
98.28 -0.039
98.38 -0.038
98.44 -0.032
98.48 -0.032
98.56 -0.017
98.82 0.02
98.88 0.025
98.92 0.024
99.02 0.014
99.42 -0.033
99.48 -0.032
99.58 -0.024
99.62 -0.02
99.7 -0.004
99.82 0.014
99.86 0.023
99.9 0.03
99.94 0.03
99.98 0.033
100.02 0.033
100.06 0.032
100.1 0.028
100.14 0.026
100.26 0.002
100.4 -0.015
100.46 -0.021
100.54 -0.029
100.62 -0.026
100.66 -0.022
101.08 0.034
101.12 0.032
101.16 0.032
101.2 0.033
101.24 0.027
101.28 0.027
101.32 0.021
101.4 0.004
101.44 -0.007
101.52 -0.017
101.8 -0.02
102.02 0.018
102.1 0.026
102.44 0.013
102.78 -0.039
102.82 -0.037
102.88 -0.031
102.92 -0.028
102.96 -0.024
103.28 0.025
103.4 0.022
103.84 -0.042
104.04 -0.034
104.38 0.018
104.58 0.011
104.62 0.006
105.02 -0.041
105.06 -0.04
105.38 0.008
105.46 0.015
105.5 0.02
105.54 0.025
105.58 0.023
105.62 0.023
106.02 -0.032
106.06 -0.032
106.12 -0.032
106.18 -0.032
106.26 -0.02
106.56 0.026
106.62 0.034
106.66 0.035
106.7 0.035
106.76 0.029
106.9 0.01
106.96 0.001
107.04 -0.011
107.2 -0.029
107.28 -0.03
107.32 -0.024
107.36 -0.018
107.4 -0.012
107.44 -0.008
107.6 0.023
107.68 0.028
107.72 0.032
107.8 0.034
107.84 0.032
108.3 -0.03
108.34 -0.032
108.4 -0.032
108.44 -0.025
108.48 -0.02
108.56 -0.01
108.68 0.011
108.76 0.025
108.86 0.027
109.02 0.026
109.06 0.021
109.14 0.003
109.18 -0.009
109.3 -0.025
109.56 -0.034
109.6 -0.028
109.96 0.022
110.02 0.024
110.1 0.02
110.14 0.014
110.18 0.007
110.26 -0.008
110.3 -0.014
110.38 -0.024
110.42 -0.034
110.46 -0.04
110.54 -0.041
110.58 -0.042
110.9 0.002
110.98 0.011
111.1 0.023
111.14 0.021
111.18 0.019
111.52 -0.03
111.78 -0.032
111.82 -0.031
111.9 -0.018
112.02 0.006
112.12 0.016
112.24 0.027
112.28 0.023
112.32 0.022
112.36 0.017
112.6 -0.017
112.7 -0.029
112.76 -0.032
113.16 0.016
113.2 0.023
113.24 0.029
113.32 0.035
113.36 0.033
113.4 0.032
113.44 0.03
113.72 -0.012
113.86 -0.028
113.96 -0.028
114 -0.021
114.04 -0.015
114.08 -0.011
114.12 -0.011
114.4 0.035
114.44 0.036
114.62 0.026
114.98 -0.032
115.02 -0.033
115.44 0.027
115.5 0.028
115.54 0.029
115.64 0.026
115.8 -0.001
115.84 -0.008
115.96 -0.028
116.12 -0.04
116.2 -0.032
116.24 -0.028
116.28 -0.025
116.48 0.009
116.56 0.02
116.64 0.024
116.68 0.024
116.72 0.022
117.1 -0.036
117.16 -0.042
117.34 -0.036
117.62 0.009
117.66 0.015
117.76 0.022
117.82 0.022
117.86 0.019
117.9 0.015
117.94 0.008
118.24 -0.036
118.42 -0.033
118.7 0.01
118.74 0.014
118.78 0.021
118.82 0.024
118.9 0.028
118.94 0.026
118.98 0.025
119.04 0.014
119.48 -0.031
119.54 -0.024
119.58 -0.016
119.62 -0.013
119.66 -0.01
119.88 0.03
119.92 0.034
119.96 0.035
120 0.036
120.04 0.036
120.08 0.035
120.12 0.032
120.16 0.027
120.2 0.02
120.24 0.011
