0.37 0.040375
1.48 0.0287692
2.59778 0.0195556
3.71 0.02425
4.81 0.030875
5.90154 0.0339231
6.99 0.0265
8.11 0.0198
9.23 0.0228
10.08 0.002
10.33 0.0315714
11.43 0.0339286
12.52 0.0279231
13.65 0.021
14.768 0.022
15.87 0.0316667
16.95 0.0350833
18.0375 0.02975
19.18 0.0214545
20.3 0.0225556
21.41 0.0287857
22.5 0.0341538
23.59 0.0289167
24.7 0.0213636
25.82 0.0208182
26.95 0.0304286
28.02 0.0436
29.13 0.0367857
30.21 0.0225
31.34 0.0212727
32.46 0.0317778
33.55 0.0333125
34.64 0.0338182
35.76 0.0233077
36.87 0.0221
37.98 0.0288182
39.08 0.0336667
40.16 0.033
41.27 0.0259167
42.41 0.021
43.52 0.029
44.6 0.0326667
45.72 0.0321765
46.8086 0.0257857
47.92 0.0217273
49.0418 0.0254545
50.1514 0.0321429
51.23 0.0331429
52.34 0.0281538
52.6 0.001
53.44 0.0225455
54.56 0.0235556
55.6714 0.0322143
56.48 0.003
56.76 0.035
57.86 0.0309091
58.97 0.02175
60.08 0.0219091
61.2 0.0306154
62.3 0.0334
63.408 0.033
64.5 0.0243636
65.6 0.023
66.72 0.0305556
67.82 0.0340667
68.9117 0.0335
70.03 0.0239286
70.92 0.001
71.1533 0.0225556
72.26 0.0291111
73.36 0.0334
74.45 0.0337857
75.56 0.0284545
76.66 0.0217273
77.77 0.0246
78.89 0.0324286
79.9714 0.0360714
81.07 0.03
82.2 0.0225455
83.3171 0.0237143
84.43 0.0327857
85.51 0.0376429
86.61 0.0321429
87.728 0.0229
88.83 0.0223
89.95 0.0316
91.04 0.0359231
92.14 0.0349091
93 0.003
93.22 0.032
93.48 0.001
94.38 0.0233333
95.4844 0.0285556
96.58 0.0334118
97.66 0.0345385
98.77 0.026
99.88 0.0220909
101 0.0251818
102.101 0.0322667
103.19 0.0367857
104.29 0.0311667
105.388 0.023
106.52 0.0237778
107.64 0.0306923
108.73 0.0352857
109.82 0.033
110.928 0.0243333
112.04 0.0213636
113.15 0.0293
113.4 0.003
114.26 0.0338
115.36 0.0349231
116.44 0.0259231
117.57 0.0229
118.68 0.0297143
119.79 0.0328571
120.84 0.0363333
