0.5	0
1.5	0
2.5	0
3.5	0
4.5	0
5.5	0
6.5	0
7.5	0
8.5	0
9.5	0
10.5	0
11.5	0
12.5	0
13.5	0
14.5	0
15.5	0
16.5	0
17.5	0
18.5	0
19.5	0
20.5	0
21.5	0
22.5	0
23.5	0
24.5	0
25.5	0
26.5	0
27.5	0
28.5	0
29.5	0
30.5	0
31.5	1
32.5	1
33.5	3
34.5	3
35.5	3
36.5	4
37.5	1
38.5	7
39.5	9
40.5	12
41.5	15
42.5	13
43.5	23
44.5	34
45.5	31
46.5	39
47.5	66
48.5	58
49.5	82
50.5	75
51.5	72
52.5	110
53.5	114
54.5	138
55.5	168
56.5	185
57.5	167
58.5	189
59.5	205
60.5	235
61.5	262
62.5	286
63.5	302
64.5	322
65.5	340
66.5	360
67.5	371
68.5	354
69.5	391
70.5	435
71.5	429
72.5	421
73.5	462
74.5	464
75.5	506
76.5	463
77.5	509
78.5	549
79.5	523
80.5	577
81.5	550
82.5	577
83.5	611
84.5	596
85.5	626
86.5	656
87.5	650
88.5	694
89.5	677
90.5	742
91.5	779
92.5	790
93.5	765
94.5	799
95.5	856
96.5	831
97.5	888
98.5	910
99.5	979
100.5	954
101.5	1008
102.5	992
103.5	1092
104.5	1004
105.5	1081
106.5	1126
107.5	1131
108.5	1170
109.5	1217
110.5	1254
111.5	1251
112.5	1246
113.5	1231
114.5	1279
115.5	1372
116.5	1404
117.5	1420
118.5	1389
119.5	1447
120.5	1507
121.5	1479
122.5	1462
123.5	1518
124.5	1578
125.5	1546
126.5	1532
127.5	1584
128.5	1604
129.5	1624
130.5	1635
131.5	1661
132.5	1614
133.5	1635
134.5	1717
135.5	1676
136.5	1599
137.5	1628
138.5	1680
139.5	1691
140.5	1654
141.5	1704
142.5	1684
143.5	1604
144.5	1633
145.5	1679
146.5	1715
147.5	1682
148.5	1676
149.5	1725
150.5	1741
151.5	1668
152.5	1743
153.5	1706
154.5	1744
155.5	1678
156.5	1650
157.5	1628
158.5	1647
159.5	1667
160.5	1739
161.5	1644
162.5	1653
163.5	1624
164.5	1652
165.5	1647
166.5	1672
167.5	1612
168.5	1552
169.5	1614
170.5	1595
171.5	1586
172.5	1597
173.5	1583
174.5	1602
175.5	1608
176.5	1554
177.5	1595
178.5	1542
179.5	1550
180.5	1517
181.5	1559
182.5	1465
183.5	1559
184.5	1532
185.5	1516
186.5	1490
187.5	1528
188.5	1542
189.5	1474
190.5	1474
191.5	1553
192.5	1403
193.5	1491
194.5	1464
195.5	1457
196.5	1421
197.5	1475
198.5	1355
199.5	1366
200.5	1512
201.5	1395
202.5	1409
203.5	1358
204.5	1392
205.5	1401
206.5	1342
207.5	1377
208.5	1346
209.5	1369
210.5	1294
211.5	1319
212.5	1320
213.5	1304
214.5	1228
215.5	1306
216.5	1277
217.5	1262
218.5	1319
219.5	1228
220.5	1220
221.5	1211
222.5	1247
223.5	1207
224.5	1296
225.5	1197
226.5	1209
227.5	1140
228.5	1182
229.5	1136
230.5	1183
231.5	1195
232.5	1134
233.5	1175
234.5	1193
235.5	1121
236.5	1122
237.5	1106
238.5	1076
239.5	1081
240.5	1102
241.5	1036
242.5	1056
243.5	1041
244.5	1040
245.5	1017
246.5	986
247.5	1039
248.5	997
249.5	970
250.5	994
251.5	981
252.5	968
253.5	989
254.5	913
255.5	906
256.5	955
257.5	931
258.5	948
259.5	970
260.5	927
261.5	930
262.5	910
263.5	870
264.5	875
265.5	880
266.5	880
267.5	858
268.5	884
269.5	913
270.5	892
271.5	865
272.5	879
273.5	860
274.5	794
275.5	855
276.5	831
277.5	797
278.5	772
279.5	843
280.5	810
281.5	802
282.5	789
283.5	751
284.5	771
285.5	803
286.5	773
287.5	775
288.5	737
289.5	730
290.5	778
291.5	756
292.5	762
293.5	793
294.5	720
295.5	692
296.5	727
297.5	697
298.5	746
299.5	761
300.5	672
301.5	676
302.5	698
303.5	675
304.5	689
305.5	696
306.5	695
307.5	649
308.5	724
309.5	681
310.5	677
311.5	671
312.5	669
313.5	695
314.5	708
315.5	636
316.5	635
317.5	653
318.5	644
319.5	603
320.5	665
321.5	595
322.5	614
323.5	578
324.5	620
325.5	626
326.5	619
327.5	542
328.5	628
329.5	598
330.5	587
331.5	599
332.5	599
333.5	603
334.5	552
335.5	563
336.5	567
337.5	588
338.5	585
339.5	544
340.5	555
341.5	580
342.5	568
343.5	569
344.5	605
345.5	550
346.5	547
347.5	526
348.5	570
349.5	584
350.5	526
351.5	548
352.5	569
353.5	581
354.5	552
355.5	556
356.5	526
357.5	524
358.5	543
359.5	541
360.5	557
361.5	555
362.5	533
363.5	550
364.5	503
365.5	548
366.5	552
367.5	522
368.5	512
369.5	510
370.5	513
371.5	510
372.5	479
373.5	453
374.5	443
375.5	447
376.5	471
377.5	473
378.5	444
379.5	425
380.5	416
381.5	384
382.5	457
383.5	398
384.5	378
385.5	390
386.5	394
387.5	419
388.5	427
389.5	332
390.5	423
391.5	391
392.5	362
393.5	362
394.5	350
395.5	331
396.5	329
397.5	340
398.5	332
399.5	362
400.5	314
401.5	336
402.5	314
403.5	346
404.5	346
405.5	368
406.5	344
407.5	337
408.5	342
409.5	304
410.5	323
411.5	343
412.5	315
413.5	323
414.5	313
415.5	293
416.5	325
417.5	310
418.5	307
419.5	352
420.5	312
421.5	304
422.5	332
423.5	316
424.5	317
425.5	283
426.5	336
427.5	313
428.5	288
429.5	288
430.5	304
431.5	293
432.5	303
433.5	296
434.5	310
435.5	253
436.5	300
437.5	290
438.5	269
439.5	279
440.5	254
441.5	259
442.5	245
443.5	300
444.5	281
445.5	241
446.5	269
447.5	283
448.5	260
449.5	247
450.5	248
451.5	286
452.5	274
453.5	248
454.5	239
455.5	242
456.5	239
457.5	211
458.5	219
459.5	240
460.5	220
461.5	207
462.5	238
463.5	230
464.5	228
465.5	238
466.5	240
467.5	250
468.5	220
469.5	217
470.5	241
471.5	199
472.5	189
473.5	228
474.5	202
475.5	190
476.5	206
477.5	213
478.5	233
479.5	188
480.5	202
481.5	204
482.5	213
483.5	223
484.5	240
485.5	196
486.5	194
487.5	238
488.5	216
489.5	209
490.5	223
491.5	211
492.5	186
493.5	208
494.5	214
495.5	193
496.5	230
497.5	185
498.5	191
499.5	202
500.5	200
501.5	200
502.5	208
503.5	190
504.5	197
505.5	198
506.5	212
507.5	228
508.5	208
509.5	174
510.5	181
511.5	194
512.5	219
513.5	203
514.5	173
515.5	182
516.5	199
517.5	195
518.5	195
519.5	169
520.5	186
521.5	193
522.5	163
523.5	175
524.5	198
525.5	173
526.5	188
527.5	180
528.5	176
529.5	166
530.5	196
531.5	176
532.5	149
533.5	150
534.5	163
535.5	170
536.5	156
537.5	162
538.5	150
539.5	146
540.5	160
541.5	183
542.5	142
543.5	160
544.5	143
545.5	138
546.5	142
547.5	123
548.5	141
549.5	145
550.5	139
551.5	154
552.5	148
553.5	129
554.5	141
555.5	159
556.5	140
557.5	128
558.5	125
559.5	143
560.5	117
561.5	129
562.5	147
563.5	125
564.5	111
565.5	103
566.5	119
567.5	123
568.5	102
569.5	139
570.5	109
571.5	138
572.5	115
573.5	110
574.5	113
575.5	122
576.5	108
577.5	99
578.5	114
579.5	115
580.5	110
581.5	118
582.5	115
583.5	106
584.5	104
585.5	117
586.5	118
587.5	113
588.5	98
589.5	102
590.5	104
591.5	132
592.5	129
593.5	106
594.5	127
595.5	132
596.5	115
597.5	98
598.5	107
599.5	112
600.5	93
601.5	97
602.5	110
603.5	107
604.5	104
605.5	102
606.5	105
607.5	99
608.5	97
609.5	113
610.5	105
611.5	99
612.5	136
613.5	109
614.5	86
615.5	105
616.5	85
617.5	99
618.5	115
619.5	105
620.5	111
621.5	93
622.5	113
623.5	124
624.5	87
625.5	90
626.5	110
627.5	109
628.5	107
629.5	97
630.5	96
631.5	90
632.5	98
633.5	91
634.5	99
635.5	84
636.5	73
637.5	83
638.5	76
639.5	105
640.5	74
641.5	93
642.5	91
643.5	88
644.5	97
645.5	79
646.5	102
647.5	87
648.5	81
649.5	95
650.5	87
651.5	91
652.5	93
653.5	79
654.5	98
655.5	87
656.5	88
657.5	77
658.5	99
659.5	103
660.5	88
661.5	73
662.5	90
663.5	95
664.5	83
665.5	87
666.5	87
667.5	79
668.5	74
669.5	81
670.5	89
671.5	86
672.5	79
673.5	81
674.5	86
675.5	88
676.5	80
677.5	91
678.5	79
679.5	79
680.5	77
681.5	74
682.5	75
683.5	75
684.5	99
685.5	68
686.5	79
687.5	79
688.5	75
689.5	94
690.5	81
691.5	90
692.5	72
693.5	85
694.5	77
695.5	82
696.5	69
697.5	74
698.5	71
699.5	76
700.5	82
701.5	96
702.5	78
703.5	58
704.5	84
705.5	65
706.5	87
707.5	88
708.5	71
709.5	66
710.5	67
711.5	79
712.5	67
713.5	84
714.5	67
715.5	77
716.5	76
717.5	68
718.5	91
719.5	79
720.5	74
721.5	71
722.5	79
723.5	61
724.5	77
725.5	82
726.5	82
727.5	72
728.5	90
729.5	90
730.5	59
731.5	63
732.5	73
733.5	73
734.5	72
735.5	67
736.5	76
737.5	71
738.5	78
739.5	59
740.5	66
741.5	78
742.5	91
743.5	69
744.5	68
745.5	69
746.5	69
747.5	70
748.5	66
749.5	80
750.5	66
751.5	63
752.5	51
753.5	75
754.5	69
755.5	70
756.5	72
757.5	71
758.5	63
759.5	77
760.5	67
761.5	69
762.5	66
763.5	70
764.5	51
765.5	58
766.5	60
767.5	52
768.5	67
769.5	70
770.5	66
771.5	68
772.5	61
773.5	62
774.5	70
775.5	82
776.5	63
777.5	55
778.5	70
779.5	58
780.5	61
781.5	51
782.5	60
783.5	69
784.5	59
785.5	54
786.5	65
787.5	53
788.5	68
789.5	60
790.5	69
791.5	52
792.5	64
793.5	64
794.5	68
795.5	65
796.5	52
797.5	65
798.5	68
799.5	44
800.5	61
801.5	49
802.5	51
803.5	54
804.5	79
805.5	48
806.5	70
807.5	59
808.5	60
809.5	62
810.5	82
811.5	70
812.5	64
813.5	72
814.5	61
815.5	59
816.5	63
817.5	67
818.5	67
819.5	72
820.5	57
821.5	52
822.5	60
823.5	56
824.5	60
825.5	63
826.5	53
827.5	49
828.5	74
829.5	78
830.5	66
831.5	61
832.5	63
833.5	59
834.5	70
835.5	77
836.5	64
837.5	85
838.5	61
839.5	66
840.5	80
841.5	59
842.5	84
843.5	78
844.5	70
845.5	64
846.5	54
847.5	63
848.5	73
849.5	65
850.5	59
851.5	85
852.5	65
853.5	64
854.5	54
855.5	76
856.5	61
857.5	72
858.5	71
859.5	77
860.5	65
861.5	74
862.5	52
863.5	56
864.5	69
865.5	65
866.5	60
867.5	66
868.5	70
869.5	79
870.5	62
871.5	63
872.5	55
873.5	67
874.5	60
875.5	72
876.5	74
877.5	57
878.5	56
879.5	54
880.5	59
881.5	56
882.5	55
883.5	48
884.5	66
885.5	59
886.5	47
887.5	51
888.5	58
889.5	56
890.5	58
891.5	64
892.5	51
893.5	57
894.5	54
895.5	50
896.5	43
897.5	64
898.5	42
899.5	59
900.5	47
901.5	56
902.5	51
903.5	36
904.5	42
905.5	44
906.5	52
907.5	51
908.5	55
909.5	54
910.5	50
911.5	35
912.5	60
913.5	43
914.5	38
915.5	43
916.5	32
917.5	43
918.5	54
919.5	39
920.5	28
921.5	38
922.5	42
923.5	47
924.5	48
925.5	34
926.5	39
927.5	30
928.5	40
929.5	31
930.5	40
931.5	35
932.5	44
933.5	38
934.5	36
935.5	44
936.5	36
937.5	38
938.5	36
939.5	35
940.5	42
941.5	29
942.5	41
943.5	28
944.5	42
945.5	42
946.5	33
947.5	43
948.5	37
949.5	38
950.5	39
951.5	46
952.5	33
953.5	36
954.5	27
955.5	36
956.5	35
957.5	40
958.5	37
959.5	41
960.5	39
961.5	28
962.5	36
963.5	34
964.5	35
965.5	36
966.5	35
967.5	20
968.5	38
969.5	36
970.5	25
971.5	28
972.5	41
973.5	36
974.5	30
975.5	48
976.5	41
977.5	22
978.5	36
979.5	36
980.5	41
981.5	41
982.5	37
983.5	35
984.5	38
985.5	43
986.5	42
987.5	37
988.5	39
989.5	33
990.5	37
991.5	28
992.5	28
993.5	32
994.5	31
995.5	35
996.5	35
997.5	31
998.5	31
999.5	32
1000.5	26
1001.5	37
1002.5	33
1003.5	35
1004.5	32
1005.5	33
1006.5	22
1007.5	32
1008.5	33
1009.5	38
1010.5	19
1011.5	17
1012.5	35
1013.5	39
1014.5	31
1015.5	24
1016.5	35
1017.5	29
1018.5	23
1019.5	31
1020.5	24
1021.5	16
1022.5	34
1023.5	28
1024.5	31
1025.5	32
1026.5	32
1027.5	51
1028.5	30
1029.5	29
1030.5	21
1031.5	32
1032.5	32
1033.5	30
1034.5	25
1035.5	29
1036.5	41
1037.5	36
1038.5	34
1039.5	33
1040.5	26
1041.5	35
1042.5	29
1043.5	30
1044.5	26
1045.5	26
1046.5	39
1047.5	32
1048.5	23
1049.5	30
1050.5	33
1051.5	38
1052.5	31
1053.5	41
1054.5	20
1055.5	30
1056.5	34
1057.5	30
1058.5	28
1059.5	34
1060.5	18
1061.5	26
1062.5	37
1063.5	41
1064.5	39
1065.5	37
1066.5	40
1067.5	28
1068.5	37
1069.5	32
1070.5	38
1071.5	30
1072.5	28
1073.5	34
1074.5	32
1075.5	32
1076.5	23
1077.5	36
1078.5	32
1079.5	33
1080.5	36
1081.5	39
1082.5	46
1083.5	30
1084.5	22
1085.5	31
1086.5	30
1087.5	32
1088.5	27
1089.5	31
1090.5	29
1091.5	27
1092.5	35
1093.5	26
1094.5	38
1095.5	20
1096.5	39
1097.5	34
1098.5	30
1099.5	27
1100.5	31
1101.5	35
1102.5	33
1103.5	24
1104.5	26
1105.5	35
1106.5	27
1107.5	30
1108.5	22
1109.5	30
1110.5	23
1111.5	23
1112.5	26
1113.5	29
1114.5	26
1115.5	32
1116.5	31
1117.5	20
1118.5	14
1119.5	29
1120.5	28
1121.5	26
1122.5	20
1123.5	37
1124.5	25
1125.5	26
1126.5	18
1127.5	27
1128.5	27
1129.5	37
1130.5	26
1131.5	29
1132.5	39
1133.5	33
1134.5	29
1135.5	35
1136.5	30
1137.5	42
1138.5	30
1139.5	21
1140.5	31
1141.5	33
1142.5	28
1143.5	36
1144.5	22
1145.5	27
1146.5	30
1147.5	20
1148.5	26
1149.5	23
1150.5	34
1151.5	27
1152.5	28
1153.5	23
1154.5	19
1155.5	31
1156.5	28
1157.5	23
1158.5	25
1159.5	23
1160.5	22
1161.5	35
1162.5	27
1163.5	30
1164.5	32
1165.5	19
1166.5	21
1167.5	13
1168.5	31
1169.5	25
1170.5	14
1171.5	21
1172.5	36
1173.5	23
1174.5	18
1175.5	18
1176.5	16
1177.5	20
1178.5	23
1179.5	24
1180.5	26
1181.5	19
1182.5	35
1183.5	23
1184.5	17
1185.5	26
1186.5	17
1187.5	29
1188.5	22
1189.5	24
1190.5	22
1191.5	20
1192.5	17
1193.5	26
1194.5	19
1195.5	28
1196.5	25
1197.5	20
1198.5	30
1199.5	16
1200.5	21
1201.5	32
1202.5	22
1203.5	24
1204.5	24
1205.5	19
1206.5	27
1207.5	22
1208.5	28
1209.5	31
1210.5	25
1211.5	26
1212.5	27
1213.5	27
1214.5	18
1215.5	32
1216.5	25
1217.5	24
1218.5	19
1219.5	19
1220.5	25
1221.5	25
1222.5	17
1223.5	24
1224.5	34
1225.5	20
1226.5	26
1227.5	32
1228.5	19
1229.5	25
1230.5	15
1231.5	25
1232.5	13
1233.5	28
1234.5	13
1235.5	23
1236.5	16
1237.5	18
1238.5	25
1239.5	20
1240.5	33
1241.5	24
1242.5	23
1243.5	26
1244.5	18
1245.5	27
1246.5	25
1247.5	28
1248.5	24
1249.5	16
1250.5	19
1251.5	30
1252.5	24
1253.5	27
1254.5	22
1255.5	26
1256.5	32
1257.5	18
1258.5	23
1259.5	17
1260.5	26
1261.5	24
1262.5	32
1263.5	23
1264.5	29
1265.5	25
1266.5	28
1267.5	24
1268.5	17
1269.5	32
1270.5	32
1271.5	25
1272.5	24
1273.5	27
1274.5	30
1275.5	28
1276.5	24
1277.5	20
1278.5	36
1279.5	20
1280.5	30
1281.5	28
1282.5	30
1283.5	23
1284.5	21
1285.5	28
1286.5	22
1287.5	24
1288.5	31
1289.5	21
1290.5	31
1291.5	29
1292.5	19
1293.5	19
1294.5	27
1295.5	22
1296.5	27
1297.5	29
1298.5	25
1299.5	32
1300.5	25
1301.5	25
1302.5	28
1303.5	26
1304.5	32
1305.5	22
1306.5	24
1307.5	20
1308.5	22
1309.5	16
1310.5	40
1311.5	26
1312.5	38
1313.5	7
1314.5	17
1315.5	22
1316.5	30
1317.5	29
1318.5	25
1319.5	23
1320.5	30
1321.5	31
1322.5	30
1323.5	25
1324.5	28
1325.5	25
1326.5	25
1327.5	21
1328.5	24
1329.5	22
1330.5	31
1331.5	24
1332.5	24
1333.5	21
1334.5	28
1335.5	28
1336.5	23
1337.5	17
1338.5	23
1339.5	23
1340.5	22
1341.5	28
1342.5	23
1343.5	19
1344.5	24
1345.5	23
1346.5	19
1347.5	23
1348.5	17
1349.5	24
1350.5	24
1351.5	22
1352.5	31
1353.5	22
1354.5	23
1355.5	32
1356.5	41
1357.5	19
1358.5	36
1359.5	22
1360.5	19
1361.5	28
1362.5	34
1363.5	19
1364.5	18
1365.5	24
1366.5	17
1367.5	17
1368.5	30
1369.5	26
1370.5	22
1371.5	25
1372.5	21
1373.5	21
1374.5	10
1375.5	26
1376.5	17
1377.5	23
1378.5	24
1379.5	21
1380.5	35
1381.5	16
1382.5	26
1383.5	24
1384.5	18
1385.5	19
1386.5	15
1387.5	20
1388.5	19
1389.5	27
1390.5	23
1391.5	17
1392.5	10
1393.5	23
1394.5	14
1395.5	14
1396.5	25
1397.5	23
1398.5	18
1399.5	18
1400.5	22
1401.5	16
1402.5	30
1403.5	17
1404.5	29
1405.5	23
1406.5	19
1407.5	14
1408.5	11
1409.5	20
1410.5	20
1411.5	15
1412.5	9
1413.5	16
1414.5	17
1415.5	17
1416.5	19
1417.5	20
1418.5	17
1419.5	11
1420.5	27
1421.5	17
1422.5	23
1423.5	20
1424.5	5
1425.5	26
1426.5	25
1427.5	10
1428.5	24
1429.5	20
1430.5	26
1431.5	15
1432.5	8
1433.5	21
1434.5	21
1435.5	15
1436.5	12
1437.5	10
1438.5	27
1439.5	24
1440.5	20
1441.5	17
1442.5	14
1443.5	22
1444.5	17
1445.5	9
1446.5	22
1447.5	7
1448.5	16
1449.5	10
1450.5	16
1451.5	6
1452.5	10
1453.5	19
1454.5	17
1455.5	16
1456.5	18
1457.5	9
1458.5	15
1459.5	18
1460.5	18
1461.5	12
1462.5	18
1463.5	15
1464.5	21
1465.5	20
1466.5	16
1467.5	16
1468.5	16
1469.5	13
1470.5	17
1471.5	15
1472.5	21
1473.5	16
1474.5	13
1475.5	14
1476.5	26
1477.5	12
1478.5	14
1479.5	18
1480.5	11
1481.5	10
1482.5	19
1483.5	15
1484.5	20
1485.5	16
1486.5	23
1487.5	15
1488.5	21
1489.5	17
1490.5	17
1491.5	15
1492.5	19
1493.5	17
1494.5	11
1495.5	17
1496.5	19
1497.5	16
1498.5	14
1499.5	20
1500.5	18
1501.5	11
1502.5	10
1503.5	12
1504.5	16
1505.5	14
1506.5	8
1507.5	15
1508.5	14
1509.5	17
1510.5	20
1511.5	13
1512.5	15
1513.5	15
1514.5	18
1515.5	15
1516.5	15
1517.5	15
1518.5	22
1519.5	10
1520.5	20
1521.5	18
1522.5	14
1523.5	16
1524.5	17
1525.5	26
1526.5	24
1527.5	17
1528.5	17
1529.5	15
1530.5	15
1531.5	20
1532.5	15
1533.5	20
1534.5	15
1535.5	24
1536.5	21
1537.5	14
1538.5	25
1539.5	10
1540.5	14
1541.5	21
1542.5	11
1543.5	17
1544.5	20
1545.5	17
1546.5	12
1547.5	21
1548.5	11
1549.5	15
1550.5	19
1551.5	18
1552.5	10
1553.5	18
1554.5	23
1555.5	10
1556.5	29
1557.5	18
1558.5	19
1559.5	15
1560.5	20
1561.5	17
1562.5	22
1563.5	18
1564.5	23
1565.5	24
1566.5	21
1567.5	17
1568.5	15
1569.5	23
1570.5	16
1571.5	28
1572.5	12
1573.5	14
1574.5	19
1575.5	20
1576.5	16
1577.5	17
1578.5	17
1579.5	22
1580.5	12
1581.5	18
1582.5	18
1583.5	27
1584.5	16
1585.5	12
1586.5	20
1587.5	19
1588.5	20
1589.5	20
1590.5	13
1591.5	18
1592.5	12
1593.5	15
1594.5	15
1595.5	19
1596.5	17
1597.5	23
1598.5	19
1599.5	18
1600.5	16
1601.5	15
1602.5	21
1603.5	13
1604.5	19
1605.5	13
1606.5	17
1607.5	14
1608.5	14
1609.5	16
1610.5	16
1611.5	20
1612.5	18
1613.5	11
1614.5	15
1615.5	17
1616.5	17
1617.5	23
1618.5	14
1619.5	15
1620.5	13
1621.5	18
1622.5	17
1623.5	17
1624.5	12
1625.5	13
1626.5	16
1627.5	9
1628.5	14
1629.5	14
1630.5	17
1631.5	15
1632.5	11
1633.5	16
1634.5	12
1635.5	10
1636.5	25
1637.5	13
1638.5	21
1639.5	11
1640.5	11
1641.5	13
1642.5	14
1643.5	17
1644.5	15
1645.5	15
1646.5	18
1647.5	25
1648.5	11
1649.5	13
1650.5	20
1651.5	14
1652.5	19
1653.5	13
1654.5	19
1655.5	10
1656.5	16
1657.5	15
1658.5	11
1659.5	15
1660.5	17
1661.5	9
1662.5	15
1663.5	14
1664.5	11
1665.5	15
1666.5	14
1667.5	16
1668.5	18
1669.5	17
1670.5	17
1671.5	21
1672.5	12
1673.5	15
1674.5	11
1675.5	9
1676.5	15
1677.5	14
1678.5	9
1679.5	13
1680.5	23
1681.5	20
1682.5	10
1683.5	14
1684.5	12
1685.5	7
1686.5	15
1687.5	15
1688.5	12
1689.5	13
1690.5	11
1691.5	13
1692.5	9
1693.5	10
1694.5	13
1695.5	8
1696.5	14
1697.5	8
1698.5	15
1699.5	11
1700.5	12
1701.5	19
1702.5	8
1703.5	13
1704.5	9
1705.5	7
1706.5	10
1707.5	14
1708.5	14
1709.5	15
1710.5	12
1711.5	11
1712.5	10
1713.5	16
1714.5	13
1715.5	12
1716.5	10
1717.5	19
1718.5	12
1719.5	2
1720.5	9
1721.5	8
1722.5	10
1723.5	5
1724.5	11
1725.5	11
1726.5	13
1727.5	15
1728.5	11
1729.5	11
1730.5	11
1731.5	8
1732.5	6
1733.5	8
1734.5	14
1735.5	8
1736.5	11
1737.5	11
1738.5	10
1739.5	10
1740.5	14
1741.5	16
1742.5	7
1743.5	9
1744.5	7
1745.5	16
1746.5	9
1747.5	10
1748.5	16
1749.5	10
1750.5	10
1751.5	13
1752.5	9
1753.5	9
1754.5	10
1755.5	7
1756.5	9
1757.5	8
1758.5	9
1759.5	10
1760.5	9
1761.5	6
1762.5	10
1763.5	7
1764.5	9
1765.5	5
1766.5	2
1767.5	8
1768.5	10
1769.5	10
1770.5	9
1771.5	9
1772.5	4
1773.5	4
1774.5	6
1775.5	6
1776.5	8
1777.5	4
1778.5	6
1779.5	6
1780.5	8
1781.5	13
1782.5	10
1783.5	6
1784.5	15
1785.5	5
1786.5	11
1787.5	5
1788.5	5
1789.5	7
1790.5	6
1791.5	8
1792.5	14
1793.5	6
1794.5	9
1795.5	6
1796.5	8
1797.5	0
1798.5	4
1799.5	4
1800.5	15
1801.5	6
1802.5	9
1803.5	7
1804.5	11
1805.5	10
1806.5	2
1807.5	4
1808.5	8
1809.5	9
1810.5	6
1811.5	7
1812.5	10
1813.5	5
1814.5	3
1815.5	7
1816.5	15
1817.5	6
1818.5	7
1819.5	8
1820.5	5
1821.5	7
1822.5	3
1823.5	7
1824.5	6
1825.5	7
1826.5	5
1827.5	2
1828.5	3
1829.5	11
1830.5	10
1831.5	5
1832.5	6
1833.5	5
1834.5	4
1835.5	7
1836.5	2
1837.5	5
1838.5	3
1839.5	8
1840.5	8
1841.5	5
1842.5	9
1843.5	9
1844.5	3
1845.5	5
1846.5	4
1847.5	7
1848.5	5
1849.5	7
1850.5	6
1851.5	7
1852.5	7
1853.5	10
1854.5	5
1855.5	5
1856.5	6
1857.5	4
1858.5	2
1859.5	2
1860.5	6
1861.5	3
1862.5	7
1863.5	7
1864.5	7
1865.5	4
1866.5	4
1867.5	7
1868.5	12
1869.5	8
1870.5	3
1871.5	4
1872.5	9
1873.5	12
1874.5	5
1875.5	7
1876.5	7
1877.5	8
1878.5	7
1879.5	8
1880.5	7
1881.5	5
1882.5	5
1883.5	7
1884.5	11
1885.5	2
1886.5	8
1887.5	7
1888.5	10
1889.5	6
1890.5	6
1891.5	2
1892.5	12
1893.5	5
1894.5	7
1895.5	7
1896.5	5
1897.5	10
1898.5	3
1899.5	5
1900.5	10
1901.5	5
1902.5	11
1903.5	6
1904.5	9
1905.5	10
1906.5	13
1907.5	5
1908.5	4
1909.5	7
1910.5	4
1911.5	8
1912.5	8
1913.5	4
1914.5	7
1915.5	7
1916.5	6
1917.5	17
1918.5	3
1919.5	6
1920.5	6
1921.5	7
1922.5	4
1923.5	7
1924.5	8
1925.5	6
1926.5	6
1927.5	8
1928.5	8
1929.5	6
1930.5	8
1931.5	9
1932.5	7
1933.5	11
1934.5	8
1935.5	5
1936.5	8
1937.5	7
1938.5	9
1939.5	9
1940.5	11
1941.5	11
1942.5	8
1943.5	3
1944.5	12
1945.5	8
1946.5	11
1947.5	7
1948.5	10
1949.5	14
1950.5	10
1951.5	9
1952.5	15
1953.5	6
1954.5	14
1955.5	7
1956.5	8
1957.5	13
1958.5	21
1959.5	16
1960.5	11
1961.5	14
1962.5	6
1963.5	15
1964.5	13
1965.5	14
1966.5	15
1967.5	11
1968.5	17
1969.5	15
1970.5	13
1971.5	17
1972.5	9
1973.5	15
1974.5	22
1975.5	24
1976.5	19
1977.5	21
1978.5	12
1979.5	24
1980.5	18
1981.5	17
1982.5	15
1983.5	31
1984.5	17
1985.5	22
1986.5	24
1987.5	18
1988.5	23
1989.5	15
1990.5	26
1991.5	22
1992.5	18
1993.5	26
1994.5	24
1995.5	25
1996.5	33
1997.5	22
1998.5	19
1999.5	26
2000.5	13
2001.5	23
2002.5	25
2003.5	24
2004.5	26
2005.5	29
2006.5	26
2007.5	31
2008.5	22
2009.5	28
2010.5	28
2011.5	27
2012.5	29
2013.5	19
2014.5	35
2015.5	29
2016.5	31
2017.5	21
2018.5	28
2019.5	28
2020.5	20
2021.5	29
2022.5	27
2023.5	24
2024.5	28
2025.5	34
2026.5	35
2027.5	24
2028.5	31
2029.5	30
2030.5	32
2031.5	20
2032.5	25
2033.5	30
2034.5	28
2035.5	31
2036.5	22
2037.5	28
2038.5	34
2039.5	15
2040.5	25
2041.5	28
2042.5	30
2043.5	24
2044.5	18
2045.5	18
2046.5	22
2047.5	20
2048.5	20
2049.5	20
2050.5	29
2051.5	26
2052.5	15
2053.5	18
2054.5	19
2055.5	16
2056.5	14
2057.5	13
2058.5	18
2059.5	12
2060.5	18
2061.5	9
2062.5	15
2063.5	21
2064.5	10
2065.5	18
2066.5	8
2067.5	7
2068.5	12
2069.5	8
2070.5	7
2071.5	11
2072.5	9
2073.5	12
2074.5	7
2075.5	6
2076.5	10
2077.5	8
2078.5	8
2079.5	8
2080.5	4
2081.5	7
2082.5	17
2083.5	6
2084.5	6
2085.5	6
2086.5	10
2087.5	6
2088.5	10
2089.5	6
2090.5	6
2091.5	10
2092.5	5
2093.5	6
2094.5	8
2095.5	7
2096.5	6
2097.5	2
2098.5	3
2099.5	5
2100.5	3
2101.5	4
2102.5	7
2103.5	2
2104.5	5
2105.5	4
2106.5	5
2107.5	8
2108.5	6
2109.5	2
2110.5	3
2111.5	4
2112.5	3
2113.5	6
2114.5	3
2115.5	1
2116.5	6
2117.5	4
2118.5	2
2119.5	11
2120.5	2
2121.5	4
2122.5	2
2123.5	6
2124.5	7
2125.5	2
2126.5	5
2127.5	5
2128.5	3
2129.5	8
2130.5	7
2131.5	2
2132.5	5
2133.5	4
2134.5	5
2135.5	2
2136.5	4
2137.5	3
2138.5	3
2139.5	6
2140.5	7
2141.5	6
2142.5	7
2143.5	1
2144.5	2
2145.5	2
2146.5	5
2147.5	4
2148.5	7
2149.5	7
2150.5	0
2151.5	4
2152.5	3
2153.5	5
2154.5	2
2155.5	4
2156.5	2
2157.5	1
2158.5	5
2159.5	11
2160.5	7
2161.5	3
2162.5	7
2163.5	5
2164.5	4
2165.5	8
2166.5	5
2167.5	3
2168.5	4
2169.5	4
2170.5	3
2171.5	9
2172.5	4
2173.5	7
2174.5	4
2175.5	4
2176.5	5
2177.5	5
2178.5	6
2179.5	4
2180.5	6
2181.5	6
2182.5	5
2183.5	6
2184.5	4
2185.5	4
2186.5	3
2187.5	2
2188.5	6
2189.5	2
2190.5	3
2191.5	10
2192.5	6
2193.5	6
2194.5	5
2195.5	5
2196.5	9
2197.5	5
2198.5	6
2199.5	6
2200.5	3
2201.5	5
2202.5	4
2203.5	3
2204.5	6
2205.5	1
2206.5	6
2207.5	5
2208.5	7
2209.5	6
2210.5	6
2211.5	6
2212.5	1
2213.5	4
2214.5	5
2215.5	5
2216.5	0
2217.5	3
2218.5	3
2219.5	3
2220.5	4
2221.5	1
2222.5	4
2223.5	6
2224.5	5
2225.5	2
2226.5	6
2227.5	4
2228.5	4
2229.5	8
2230.5	3
2231.5	1
2232.5	4
2233.5	6
2234.5	4
2235.5	6
2236.5	3
2237.5	4
2238.5	3
2239.5	1
2240.5	5
2241.5	4
2242.5	4
2243.5	3
2244.5	4
2245.5	1
2246.5	2
2247.5	1
2248.5	3
2249.5	4
2250.5	4
2251.5	1
2252.5	3
2253.5	3
2254.5	3
2255.5	2
2256.5	4
2257.5	1
2258.5	4
2259.5	5
2260.5	6
2261.5	1
2262.5	3
2263.5	3
2264.5	3
2265.5	2
2266.5	0
2267.5	3
2268.5	2
2269.5	4
2270.5	2
2271.5	4
2272.5	2
2273.5	4
2274.5	3
2275.5	3
2276.5	7
2277.5	2
2278.5	2
2279.5	0
2280.5	0
2281.5	1
2282.5	3
2283.5	3
2284.5	2
2285.5	4
2286.5	3
2287.5	4
2288.5	3
2289.5	3
2290.5	0
2291.5	5
2292.5	1
2293.5	2
2294.5	4
2295.5	4
2296.5	1
2297.5	1
2298.5	0
2299.5	3
2300.5	4
2301.5	5
2302.5	3
2303.5	4
2304.5	2
2305.5	1
2306.5	0
2307.5	1
2308.5	2
2309.5	3
2310.5	1
2311.5	3
2312.5	0
2313.5	6
2314.5	12
2315.5	3
2316.5	1
2317.5	1
2318.5	2
2319.5	6
2320.5	3
2321.5	5
2322.5	2
2323.5	3
2324.5	5
2325.5	1
2326.5	3
2327.5	3
2328.5	5
2329.5	4
2330.5	3
2331.5	5
2332.5	3
2333.5	4
2334.5	4
2335.5	6
2336.5	1
2337.5	2
2338.5	2
2339.5	0
2340.5	1
2341.5	1
2342.5	5
2343.5	1
2344.5	3
2345.5	1
2346.5	3
2347.5	4
2348.5	0
2349.5	5
2350.5	3
2351.5	2
2352.5	4
2353.5	6
2354.5	3
2355.5	1
2356.5	4
2357.5	4
2358.5	2
2359.5	3
2360.5	2
2361.5	5
2362.5	4
2363.5	1
2364.5	1
2365.5	7
2366.5	3
2367.5	2
2368.5	1
2369.5	3
2370.5	4
2371.5	2
2372.5	2
2373.5	2
2374.5	5
2375.5	6
2376.5	8
2377.5	6
2378.5	2
2379.5	4
2380.5	4
2381.5	1
2382.5	5
2383.5	1
2384.5	2
2385.5	1
2386.5	3
2387.5	2
2388.5	0
2389.5	2
2390.5	2
2391.5	0
2392.5	6
2393.5	5
2394.5	3
2395.5	3
2396.5	4
2397.5	3
2398.5	5
2399.5	6
2400.5	3
2401.5	5
2402.5	3
2403.5	5
2404.5	3
2405.5	3
2406.5	1
2407.5	3
2408.5	6
2409.5	2
2410.5	3
2411.5	4
2412.5	3
2413.5	3
2414.5	5
2415.5	7
2416.5	4
2417.5	10
2418.5	1
2419.5	3
2420.5	6
2421.5	2
2422.5	4
2423.5	2
2424.5	2
2425.5	2
2426.5	5
2427.5	2
2428.5	2
2429.5	5
2430.5	3
2431.5	5
2432.5	5
2433.5	3
2434.5	6
2435.5	7
2436.5	6
2437.5	3
2438.5	1
2439.5	2
2440.5	3
2441.5	4
2442.5	6
2443.5	2
2444.5	2
2445.5	4
2446.5	3
2447.5	1
2448.5	2
2449.5	4
2450.5	0
2451.5	3
2452.5	2
2453.5	6
2454.5	6
2455.5	4
2456.5	5
2457.5	6
2458.5	5
2459.5	1
2460.5	5
2461.5	5
2462.5	0
2463.5	1
2464.5	2
2465.5	3
2466.5	4
2467.5	2
2468.5	3
2469.5	2
2470.5	1
2471.5	1
2472.5	2
2473.5	3
2474.5	2
2475.5	3
2476.5	2
2477.5	4
2478.5	2
2479.5	2
2480.5	3
2481.5	3
2482.5	1
2483.5	8
2484.5	2
2485.5	2
2486.5	1
2487.5	7
2488.5	1
2489.5	4
2490.5	3
2491.5	1
2492.5	0
2493.5	1
2494.5	2
2495.5	1
2496.5	2
2497.5	1
2498.5	3
2499.5	1
2500.5	2
2501.5	3
2502.5	2
2503.5	7
2504.5	1
2505.5	1
2506.5	3
2507.5	5
2508.5	4
2509.5	4
2510.5	2
2511.5	2
2512.5	1
2513.5	3
2514.5	4
2515.5	0
2516.5	2
2517.5	1
2518.5	3
2519.5	3
2520.5	4
2521.5	1
2522.5	1
2523.5	1
2524.5	6
2525.5	1
2526.5	3
2527.5	4
2528.5	3
2529.5	4
2530.5	3
2531.5	2
2532.5	5
2533.5	2
2534.5	6
2535.5	3
2536.5	1
2537.5	3
2538.5	5
2539.5	1
2540.5	3
2541.5	2
2542.5	3
2543.5	1
2544.5	2
2545.5	1
2546.5	0
2547.5	2
2548.5	3
2549.5	2
2550.5	1
2551.5	0
2552.5	5
2553.5	1
2554.5	2
2555.5	0
2556.5	2
2557.5	2
2558.5	4
2559.5	0
2560.5	4
2561.5	3
2562.5	5
2563.5	7
2564.5	2
2565.5	2
2566.5	3
2567.5	0
2568.5	4
2569.5	2
2570.5	2
2571.5	1
2572.5	2
2573.5	2
2574.5	2
2575.5	1
2576.5	0
2577.5	3
2578.5	3
2579.5	1
2580.5	0
2581.5	4
2582.5	3
2583.5	0
2584.5	1
2585.5	2
2586.5	0
2587.5	1
2588.5	1
2589.5	1
2590.5	3
2591.5	3
2592.5	4
2593.5	0
2594.5	4
2595.5	2
2596.5	0
2597.5	1
2598.5	3
2599.5	6
2600.5	0
2601.5	3
2602.5	0
2603.5	2
2604.5	2
2605.5	0
2606.5	2
2607.5	1
2608.5	1
2609.5	1
2610.5	1
2611.5	0
2612.5	1
2613.5	0
2614.5	4
2615.5	3
2616.5	2
2617.5	2
2618.5	1
2619.5	0
2620.5	3
2621.5	2
2622.5	4
2623.5	2
2624.5	2
2625.5	4
2626.5	1
2627.5	1
2628.5	2
2629.5	1
2630.5	2
2631.5	1
2632.5	0
2633.5	2
2634.5	0
2635.5	1
2636.5	5
2637.5	1
2638.5	2
2639.5	2
2640.5	2
2641.5	2
2642.5	2
2643.5	1
2644.5	5
2645.5	1
2646.5	4
2647.5	4
2648.5	2
2649.5	1
2650.5	2
2651.5	3
2652.5	1
2653.5	2
2654.5	3
2655.5	2
2656.5	0
2657.5	2
2658.5	0
2659.5	1
2660.5	0
2661.5	1
2662.5	3
2663.5	3
2664.5	1
2665.5	2
2666.5	1
2667.5	1
2668.5	2
2669.5	1
2670.5	2
2671.5	1
2672.5	1
2673.5	1
2674.5	1
2675.5	2
2676.5	3
2677.5	0
2678.5	2
2679.5	1
2680.5	2
2681.5	0
2682.5	3
2683.5	3
2684.5	2
2685.5	3
2686.5	2
2687.5	3
2688.5	1
2689.5	1
2690.5	1
2691.5	1
2692.5	1
2693.5	3
2694.5	1
2695.5	2
2696.5	3
2697.5	1
2698.5	1
2699.5	1
2700.5	3
2701.5	3
2702.5	0
2703.5	3
2704.5	2
2705.5	3
2706.5	0
2707.5	1
2708.5	2
2709.5	2
2710.5	4
2711.5	3
2712.5	0
2713.5	2
2714.5	5
2715.5	1
2716.5	1
2717.5	1
2718.5	0
2719.5	1
2720.5	2
2721.5	1
2722.5	1
2723.5	2
2724.5	1
2725.5	4
2726.5	1
2727.5	3
2728.5	2
2729.5	1
2730.5	1
2731.5	3
2732.5	2
2733.5	1
2734.5	2
2735.5	2
2736.5	1
2737.5	1
2738.5	2
2739.5	1
2740.5	0
2741.5	1
2742.5	1
2743.5	2
2744.5	3
2745.5	1
2746.5	2
2747.5	2
2748.5	1
2749.5	2
2750.5	2
2751.5	3
2752.5	0
2753.5	2
2754.5	0
2755.5	4
2756.5	2
2757.5	1
2758.5	2
2759.5	0
2760.5	1
2761.5	4
2762.5	0
2763.5	2
2764.5	1
2765.5	3
2766.5	2
2767.5	1
2768.5	1
2769.5	0
2770.5	2
2771.5	3
2772.5	1
2773.5	0
2774.5	0
2775.5	4
2776.5	2
2777.5	1
2778.5	2
2779.5	0
2780.5	5
2781.5	0
2782.5	1
2783.5	1
2784.5	0
2785.5	3
2786.5	2
2787.5	1
2788.5	3
2789.5	2
2790.5	2
2791.5	2
2792.5	0
2793.5	5
2794.5	2
2795.5	1
2796.5	1
2797.5	3
2798.5	3
2799.5	5
2800.5	2
2801.5	2
2802.5	0
2803.5	1
2804.5	0
2805.5	1
2806.5	0
2807.5	2
2808.5	2
2809.5	3
2810.5	1
2811.5	1
2812.5	0
2813.5	5
2814.5	0
2815.5	1
2816.5	2
2817.5	3
2818.5	1
2819.5	0
2820.5	2
2821.5	2
2822.5	1
2823.5	2
2824.5	0
2825.5	1
2826.5	0
2827.5	2
2828.5	2
2829.5	2
2830.5	3
2831.5	3
2832.5	1
2833.5	1
2834.5	0
2835.5	1
2836.5	2
2837.5	1
2838.5	2
2839.5	2
2840.5	1
2841.5	2
2842.5	0
2843.5	3
2844.5	1
2845.5	2
2846.5	1
2847.5	1
2848.5	2
2849.5	5
2850.5	2
2851.5	2
2852.5	2
2853.5	2
2854.5	0
2855.5	1
2856.5	1
2857.5	2
2858.5	2
2859.5	3
2860.5	3
2861.5	1
2862.5	5
2863.5	3
2864.5	2
2865.5	0
2866.5	6
2867.5	4
2868.5	2
2869.5	2
2870.5	2
2871.5	6
2872.5	4
2873.5	4
2874.5	4
2875.5	1
2876.5	4
2877.5	4
2878.5	2
2879.5	3
2880.5	1
2881.5	0
2882.5	1
2883.5	3
2884.5	4
2885.5	2
2886.5	2
2887.5	3
2888.5	2
2889.5	1
2890.5	3
2891.5	2
2892.5	2
2893.5	2
2894.5	2
2895.5	3
2896.5	6
2897.5	3
2898.5	2
2899.5	4
2900.5	2
2901.5	4
2902.5	4
2903.5	2
2904.5	1
2905.5	2
2906.5	1
2907.5	8
2908.5	0
2909.5	7
2910.5	3
2911.5	1
2912.5	2
2913.5	0
2914.5	2
2915.5	3
2916.5	3
2917.5	2
2918.5	4
2919.5	2
2920.5	2
2921.5	1
2922.5	4
2923.5	0
2924.5	1
2925.5	2
2926.5	2
2927.5	2
2928.5	1
2929.5	0
2930.5	1
2931.5	1
2932.5	1
2933.5	1
2934.5	3
2935.5	1
2936.5	1
2937.5	2
2938.5	2
2939.5	4
2940.5	0
2941.5	1
2942.5	4
2943.5	5
2944.5	2
2945.5	2
2946.5	0
2947.5	2
2948.5	2
2949.5	4
2950.5	4
2951.5	0
2952.5	0
2953.5	0
2954.5	2
2955.5	4
2956.5	1
2957.5	3
2958.5	1
2959.5	3
2960.5	1
2961.5	1
2962.5	1
2963.5	1
2964.5	3
2965.5	2
2966.5	3
2967.5	0
2968.5	3
2969.5	3
2970.5	4
2971.5	3
2972.5	0
2973.5	1
2974.5	0
2975.5	4
2976.5	2
2977.5	1
2978.5	1
2979.5	0
2980.5	3
2981.5	3
2982.5	6
2983.5	1
2984.5	0
2985.5	4
2986.5	3
2987.5	0
2988.5	2
2989.5	1
2990.5	1
2991.5	2
2992.5	0
2993.5	5
2994.5	3
2995.5	3
2996.5	3
2997.5	2
2998.5	2
2999.5	0
3000.5	1
3001.5	2
3002.5	1
3003.5	4
3004.5	1
3005.5	1
3006.5	1
3007.5	4
3008.5	2
3009.5	1
3010.5	7
3011.5	5
3012.5	4
3013.5	1
3014.5	0
3015.5	4
3016.5	3
3017.5	3
3018.5	1
3019.5	1
3020.5	2
3021.5	1
3022.5	5
3023.5	3
3024.5	5
3025.5	1
3026.5	3
3027.5	2
3028.5	2
3029.5	1
3030.5	2
3031.5	4
3032.5	2
3033.5	1
3034.5	1
3035.5	3
3036.5	2
3037.5	0
3038.5	1
3039.5	2
3040.5	3
3041.5	1
3042.5	1
3043.5	4
3044.5	1
3045.5	0
3046.5	0
3047.5	1
3048.5	4
3049.5	2
3050.5	1
3051.5	0
3052.5	4
3053.5	0
3054.5	3
3055.5	2
3056.5	0
3057.5	2
3058.5	1
3059.5	3
3060.5	1
3061.5	3
3062.5	1
3063.5	5
3064.5	1
3065.5	1
3066.5	0
3067.5	1
3068.5	0
3069.5	0
3070.5	0
3071.5	3
3072.5	0
3073.5	1
3074.5	0
3075.5	1
3076.5	3
3077.5	3
3078.5	2
3079.5	0
3080.5	1
3081.5	1
3082.5	2
3083.5	3
3084.5	3
3085.5	3
3086.5	3
3087.5	0
3088.5	2
3089.5	1
3090.5	0
3091.5	2
3092.5	2
3093.5	0
3094.5	3
3095.5	1
3096.5	2
3097.5	0
3098.5	0
3099.5	1
3100.5	0
3101.5	1
3102.5	1
3103.5	4
3104.5	2
3105.5	1
3106.5	2
3107.5	1
3108.5	1
3109.5	2
3110.5	2
3111.5	1
3112.5	4
3113.5	3
3114.5	4
3115.5	4
3116.5	0
3117.5	0
3118.5	0
3119.5	2
3120.5	4
3121.5	0
3122.5	2
3123.5	0
3124.5	2
3125.5	0
3126.5	3
3127.5	3
3128.5	2
3129.5	0
3130.5	1
3131.5	0
3132.5	4
3133.5	4
3134.5	1
3135.5	2
3136.5	1
3137.5	2
3138.5	1
3139.5	1
3140.5	0
3141.5	3
3142.5	0
3143.5	0
3144.5	0
3145.5	0
3146.5	0
3147.5	0
3148.5	3
3149.5	0
3150.5	3
3151.5	2
3152.5	1
3153.5	6
3154.5	3
3155.5	0
3156.5	1
3157.5	1
3158.5	0
3159.5	2
3160.5	1
3161.5	2
3162.5	1
3163.5	0
3164.5	3
3165.5	0
3166.5	1
3167.5	2
3168.5	4
3169.5	2
3170.5	1
3171.5	2
3172.5	2
3173.5	2
3174.5	0
3175.5	0
3176.5	0
3177.5	1
3178.5	0
3179.5	0
3180.5	0
3181.5	3
3182.5	1
3183.5	1
3184.5	1
3185.5	1
3186.5	4
3187.5	1
3188.5	1
3189.5	0
3190.5	2
3191.5	5
3192.5	0
3193.5	1
3194.5	0
3195.5	2
3196.5	0
3197.5	0
3198.5	1
3199.5	1
3200.5	2
3201.5	0
3202.5	1
3203.5	0
3204.5	0
3205.5	1
3206.5	2
3207.5	1
3208.5	1
3209.5	0
3210.5	0
3211.5	1
3212.5	1
3213.5	0
3214.5	3
3215.5	0
3216.5	2
3217.5	2
3218.5	1
3219.5	1
3220.5	1
3221.5	2
3222.5	1
3223.5	2
3224.5	1
3225.5	1
3226.5	1
3227.5	3
3228.5	2
3229.5	1
3230.5	1
3231.5	3
3232.5	0
3233.5	0
3234.5	2
3235.5	0
3236.5	0
3237.5	4
3238.5	0
3239.5	0
3240.5	0
3241.5	0
3242.5	4
3243.5	0
3244.5	1
3245.5	2
3246.5	2
3247.5	1
3248.5	1
3249.5	2
3250.5	1
3251.5	0
3252.5	0
3253.5	0
3254.5	3
3255.5	1
3256.5	2
3257.5	3
3258.5	1
3259.5	0
3260.5	3
3261.5	1
3262.5	2
3263.5	0
3264.5	2
3265.5	1
3266.5	1
3267.5	2
3268.5	2
3269.5	0
3270.5	0
3271.5	0
3272.5	0
3273.5	2
3274.5	0
3275.5	1
3276.5	0
3277.5	0
3278.5	1
3279.5	0
3280.5	0
3281.5	0
3282.5	0
3283.5	1
3284.5	0
3285.5	1
3286.5	1
3287.5	0
3288.5	0
3289.5	2
3290.5	1
3291.5	0
3292.5	0
3293.5	0
3294.5	1
3295.5	2
3296.5	1
3297.5	0
3298.5	3
3299.5	0
3300.5	1
3301.5	2
3302.5	1
3303.5	0
3304.5	1
3305.5	0
3306.5	0
3307.5	1
3308.5	0
3309.5	0
3310.5	0
3311.5	0
3312.5	1
3313.5	0
3314.5	1
3315.5	1
3316.5	0
3317.5	0
3318.5	1
3319.5	0
3320.5	0
3321.5	2
3322.5	0
3323.5	1
3324.5	2
3325.5	0
3326.5	0
3327.5	0
3328.5	0
3329.5	1
3330.5	2
3331.5	0
3332.5	0
3333.5	0
3334.5	1
3335.5	1
3336.5	1
3337.5	0
3338.5	2
3339.5	0
3340.5	0
3341.5	0
3342.5	1
3343.5	3
3344.5	1
3345.5	0
3346.5	0
3347.5	0
3348.5	0
3349.5	0
3350.5	2
3351.5	0
3352.5	1
3353.5	0
3354.5	0
3355.5	1
3356.5	1
3357.5	1
3358.5	1
3359.5	2
3360.5	3
3361.5	1
3362.5	3
3363.5	2
3364.5	0
3365.5	0
3366.5	0
3367.5	1
3368.5	0
3369.5	0
3370.5	0
3371.5	0
3372.5	0
3373.5	2
3374.5	1
3375.5	0
3376.5	0
3377.5	1
3378.5	0
3379.5	0
3380.5	0
3381.5	0
3382.5	0
3383.5	0
3384.5	0
3385.5	2
3386.5	0
3387.5	0
3388.5	0
3389.5	0
3390.5	0
3391.5	0
3392.5	2
3393.5	1
3394.5	1
3395.5	1
3396.5	0
3397.5	0
3398.5	0
3399.5	0
3400.5	0
3401.5	0
3402.5	1
3403.5	1
3404.5	0
3405.5	1
3406.5	1
3407.5	0
3408.5	1
3409.5	1
3410.5	0
3411.5	3
3412.5	1
3413.5	0
3414.5	0
3415.5	1
3416.5	1
3417.5	1
3418.5	6
3419.5	2
3420.5	2
3421.5	1
3422.5	2
3423.5	1
3424.5	2
3425.5	1
3426.5	2
3427.5	0
3428.5	0
3429.5	1
3430.5	2
3431.5	0
3432.5	2
3433.5	6
3434.5	3
3435.5	0
3436.5	5
3437.5	2
3438.5	2
3439.5	2
3440.5	3
3441.5	2
3442.5	6
3443.5	6
3444.5	3
3445.5	3
3446.5	3
3447.5	5
3448.5	2
3449.5	2
3450.5	1
3451.5	1
3452.5	0
3453.5	4
3454.5	1
3455.5	3
3456.5	3
3457.5	4
3458.5	6
3459.5	2
3460.5	9
3461.5	1
3462.5	4
3463.5	4
3464.5	1
3465.5	2
3466.5	4
3467.5	4
3468.5	5
3469.5	4
3470.5	4
3471.5	4
3472.5	2
3473.5	4
3474.5	5
3475.5	2
3476.5	8
3477.5	2
3478.5	3
3479.5	5
3480.5	2
3481.5	3
3482.5	4
3483.5	1
3484.5	2
3485.5	4
3486.5	3
3487.5	6
3488.5	7
3489.5	4
3490.5	3
3491.5	3
3492.5	6
3493.5	1
3494.5	3
3495.5	3
3496.5	1
3497.5	1
3498.5	5
3499.5	3
3500.5	2
3501.5	5
3502.5	1
3503.5	3
3504.5	2
3505.5	2
3506.5	4
3507.5	1
3508.5	0
3509.5	3
3510.5	2
3511.5	3
3512.5	2
3513.5	3
3514.5	1
3515.5	0
3516.5	1
3517.5	0
3518.5	3
3519.5	1
3520.5	1
3521.5	3
3522.5	2
3523.5	0
3524.5	4
3525.5	1
3526.5	2
3527.5	3
3528.5	0
3529.5	0
3530.5	2
3531.5	1
3532.5	1
3533.5	1
3534.5	1
3535.5	1
3536.5	0
3537.5	1
3538.5	2
3539.5	1
3540.5	0
3541.5	1
3542.5	2
3543.5	1
3544.5	2
3545.5	0
3546.5	0
3547.5	1
3548.5	0
3549.5	0
3550.5	0
3551.5	3
3552.5	0
3553.5	2
3554.5	0
3555.5	0
3556.5	0
3557.5	0
3558.5	2
3559.5	0
3560.5	0
3561.5	0
3562.5	0
3563.5	0
3564.5	0
3565.5	0
3566.5	0
3567.5	0
3568.5	0
3569.5	0
3570.5	1
3571.5	0
3572.5	0
3573.5	0
3574.5	0
3575.5	0
3576.5	0
3577.5	0
3578.5	0
3579.5	0
3580.5	0
3581.5	0
3582.5	1
3583.5	0
3584.5	0
3585.5	0
3586.5	0
3587.5	0
3588.5	0
3589.5	0
3590.5	0
3591.5	0
3592.5	0
3593.5	0
3594.5	0
3595.5	0
3596.5	0
3597.5	1
3598.5	1
3599.5	0
3600.5	0
3601.5	0
3602.5	0
3603.5	0
3604.5	0
3605.5	0
3606.5	1
3607.5	0
3608.5	0
3609.5	0
3610.5	1
3611.5	1
3612.5	0
3613.5	0
3614.5	1
3615.5	0
3616.5	0
3617.5	0
3618.5	0
3619.5	1
3620.5	0
3621.5	0
3622.5	0
3623.5	0
3624.5	0
3625.5	0
3626.5	0
3627.5	0
3628.5	0
3629.5	0
3630.5	0
3631.5	0
3632.5	0
3633.5	0
3634.5	0
3635.5	0
3636.5	0
3637.5	0
3638.5	0
3639.5	0
3640.5	0
3641.5	0
3642.5	0
3643.5	0
3644.5	0
3645.5	0
3646.5	0
3647.5	0
3648.5	0
3649.5	0
3650.5	0
3651.5	0
3652.5	0
3653.5	0
3654.5	0
3655.5	0
3656.5	0
3657.5	0
3658.5	0
3659.5	1
3660.5	0
3661.5	0
3662.5	0
3663.5	0
3664.5	0
3665.5	1
3666.5	1
3667.5	0
3668.5	0
3669.5	0
3670.5	0
3671.5	0
3672.5	0
3673.5	1
3674.5	0
3675.5	1
3676.5	0
3677.5	0
3678.5	0
3679.5	0
3680.5	0
3681.5	0
3682.5	0
3683.5	0
3684.5	0
3685.5	0
3686.5	0
3687.5	1
3688.5	0
3689.5	0
3690.5	0
3691.5	0
3692.5	0
3693.5	0
3694.5	0
3695.5	0
3696.5	0
3697.5	0
3698.5	0
3699.5	1
3700.5	0
3701.5	0
3702.5	0
3703.5	0
3704.5	0
3705.5	0
3706.5	0
3707.5	0
3708.5	0
3709.5	0
3710.5	0
3711.5	0
3712.5	0
3713.5	0
3714.5	0
3715.5	0
3716.5	0
3717.5	0
3718.5	0
3719.5	0
3720.5	0
3721.5	0
3722.5	0
3723.5	1
3724.5	0
3725.5	0
3726.5	0
3727.5	0
3728.5	0
3729.5	0
3730.5	0
3731.5	1
3732.5	0
3733.5	0
3734.5	0
3735.5	0
3736.5	0
3737.5	1
3738.5	0
3739.5	0
3740.5	0
3741.5	0
3742.5	0
3743.5	0
3744.5	0
3745.5	1
3746.5	0
3747.5	0
3748.5	0
3749.5	0
3750.5	0
3751.5	0
3752.5	0
3753.5	0
3754.5	0
3755.5	0
3756.5	0
3757.5	0
3758.5	0
3759.5	0
3760.5	0
3761.5	0
3762.5	0
3763.5	0
3764.5	0
3765.5	0
3766.5	0
3767.5	0
3768.5	0
3769.5	0
3770.5	0
3771.5	0
3772.5	0
3773.5	0
3774.5	0
3775.5	0
3776.5	0
3777.5	0
3778.5	0
3779.5	0
3780.5	0
3781.5	0
3782.5	1
3783.5	0
3784.5	0
3785.5	0
3786.5	0
3787.5	0
3788.5	1
3789.5	0
3790.5	0
3791.5	1
3792.5	0
3793.5	0
3794.5	0
3795.5	0
3796.5	0
3797.5	0
3798.5	0
3799.5	1
3800.5	1
3801.5	0
3802.5	0
3803.5	0
3804.5	0
3805.5	0
3806.5	0
3807.5	0
3808.5	1
3809.5	0
3810.5	1
3811.5	0
3812.5	1
3813.5	0
3814.5	0
3815.5	0
3816.5	0
3817.5	0
3818.5	0
3819.5	0
3820.5	0
3821.5	1
3822.5	0
3823.5	0
3824.5	0
3825.5	0
3826.5	0
3827.5	0
3828.5	0
3829.5	0
3830.5	0
3831.5	0
3832.5	0
3833.5	0
3834.5	0
3835.5	0
3836.5	0
3837.5	0
3838.5	1
3839.5	0
3840.5	0
3841.5	0
3842.5	0
3843.5	1
3844.5	0
3845.5	0
3846.5	0
3847.5	0
3848.5	0
3849.5	0
3850.5	0
3851.5	0
3852.5	0
3853.5	0
3854.5	0
3855.5	0
3856.5	0
3857.5	0
3858.5	0
3859.5	0
3860.5	0
3861.5	0
3862.5	0
3863.5	0
3864.5	0
3865.5	0
3866.5	0
3867.5	0
3868.5	0
3869.5	0
3870.5	0
3871.5	0
3872.5	1
3873.5	0
3874.5	0
3875.5	0
3876.5	0
3877.5	0
3878.5	0
3879.5	0
3880.5	0
3881.5	0
3882.5	0
3883.5	0
3884.5	0
3885.5	0
3886.5	0
3887.5	0
3888.5	0
3889.5	0
3890.5	0
3891.5	0
3892.5	0
3893.5	0
3894.5	0
3895.5	0
3896.5	0
3897.5	0
3898.5	0
3899.5	0
3900.5	0
3901.5	0
3902.5	0
3903.5	0
3904.5	0
3905.5	0
3906.5	0
3907.5	0
3908.5	0
3909.5	0
3910.5	0
3911.5	0
3912.5	0
3913.5	0
3914.5	0
3915.5	0
3916.5	0
3917.5	0
3918.5	0
3919.5	0
3920.5	0
3921.5	0
3922.5	0
3923.5	0
3924.5	0
3925.5	0
3926.5	0
3927.5	0
3928.5	0
3929.5	0
3930.5	0
3931.5	0
3932.5	0
3933.5	0
3934.5	0
3935.5	0
3936.5	2
3937.5	0
3938.5	0
3939.5	0
3940.5	0
3941.5	0
3942.5	0
3943.5	0
3944.5	0
3945.5	0
3946.5	0
3947.5	0
3948.5	0
3949.5	0
3950.5	1
3951.5	0
3952.5	0
3953.5	0
3954.5	0
3955.5	1
3956.5	0
3957.5	1
3958.5	0
3959.5	0
3960.5	0
3961.5	0
3962.5	0
3963.5	0
3964.5	0
3965.5	0
3966.5	0
3967.5	0
3968.5	0
3969.5	0
3970.5	0
3971.5	0
3972.5	0
3973.5	0
3974.5	0
3975.5	0
3976.5	0
3977.5	0
3978.5	0
3979.5	0
3980.5	0
3981.5	0
3982.5	0
3983.5	0
3984.5	0
3985.5	0
3986.5	0
3987.5	0
3988.5	0
3989.5	1
3990.5	0
3991.5	0
3992.5	0
3993.5	0
3994.5	0
3995.5	0
3996.5	0
3997.5	0
3998.5	0
3999.5	0
4000.5	0
4001.5	0
4002.5	0
4003.5	0
4004.5	1
4005.5	0
4006.5	0
4007.5	0
4008.5	1
4009.5	0
4010.5	0
4011.5	0
4012.5	1
4013.5	0
4014.5	0
4015.5	0
4016.5	0
4017.5	0
4018.5	0
4019.5	0
4020.5	0
4021.5	0
4022.5	0
4023.5	0
4024.5	0
4025.5	0
4026.5	1
4027.5	1
4028.5	0
4029.5	0
4030.5	0
4031.5	1
4032.5	0
4033.5	1
4034.5	0
4035.5	0
4036.5	0
4037.5	0
4038.5	0
4039.5	0
4040.5	0
4041.5	0
4042.5	0
4043.5	0
4044.5	0
4045.5	0
4046.5	0
4047.5	0
4048.5	0
4049.5	0
4050.5	0
4051.5	1
4052.5	0
4053.5	0
4054.5	0
4055.5	0
4056.5	0
4057.5	0
4058.5	0
4059.5	0
4060.5	0
4061.5	0
4062.5	0
4063.5	0
4064.5	0
4065.5	0
4066.5	0
4067.5	0
4068.5	0
4069.5	1
4070.5	0
4071.5	0
4072.5	0
4073.5	0
4074.5	0
4075.5	0
4076.5	0
4077.5	0
4078.5	0
4079.5	0
4080.5	0
4081.5	0
4082.5	0
4083.5	0
4084.5	0
4085.5	0
4086.5	0
4087.5	1
4088.5	0
4089.5	0
4090.5	0
4091.5	0
4092.5	1
4093.5	0
4094.5	0
4095.5	0
